# unix_time, cycles_done, cur_path, paths_total, pending_total, pending_favs, map_size, unique_crashes, unique_hangs, max_depth, execs_per_sec
1429483872, 0, 0, 3, 3, 1, 0.04%, 0, 0, 1, 187.50
1429483877, 0, 0, 6, 6, 1, 0.09%, 0, 0, 2, 216.67
1429483897, 0, 0, 7, 7, 1, 0.10%, 0, 1, 2, 223.97
1429483913, 0, 0, 7, 7, 1, 0.10%, 0, 2, 2, 228.16
1429483918, 0, 3, 7, 6, 3, 0.10%, 0, 2, 2, 225.97
1429483944, 0, 4, 8, 6, 2, 0.10%, 0, 2, 3, 229.52
1429483959, 0, 4, 8, 6, 2, 0.10%, 0, 3, 3, 226.20
1429483990, 0, 7, 8, 5, 1, 0.10%, 0, 4, 3, 229.71
1429484010, 1, 0, 8, 4, 0, 0.10%, 0, 4, 3, 231.11
1429484031, 1, 1, 8, 4, 0, 0.10%, 0, 4, 3, 232.86
1429484062, 1, 2, 8, 3, 0, 0.10%, 0, 4, 3, 231.64
1429484083, 1, 3, 8, 2, 0, 0.10%, 0, 4, 3, 231.71
1429484108, 1, 4, 8, 2, 0, 0.10%, 0, 4, 3, 232.61
1429484129, 1, 5, 8, 2, 0, 0.10%, 0, 4, 3, 230.81
1429484144, 1, 6, 8, 1, 0, 0.10%, 0, 4, 3, 231.86
1429484185, 1, 7, 8, 0, 0, 0.10%, 0, 4, 3, 229.52
1429484206, 2, 0, 8, 0, 0, 0.10%, 0, 4, 3, 228.55
1429484226, 2, 1, 8, 0, 0, 0.10%, 0, 4, 3, 230.86
1429484268, 2, 2, 8, 0, 0, 0.10%, 0, 4, 3, 230.79
1429484298, 2, 2, 8, 0, 0, 0.10%, 0, 5, 3, 227.28
1429484303, 2, 3, 8, 0, 0, 0.10%, 0, 5, 3, 230.84
1429484329, 2, 4, 8, 0, 0, 0.10%, 0, 5, 3, 231.55
1429484350, 2, 5, 8, 0, 0, 0.10%, 0, 5, 3, 227.57
1429484365, 2, 6, 8, 0, 0, 0.10%, 0, 5, 3, 226.38
1429484421, 2, 6, 8, 0, 0, 0.10%, 0, 6, 3, 196.83
1429484426, 2, 7, 8, 0, 0, 0.10%, 0, 6, 3, 176.13
1429484442, 2, 7, 8, 0, 0, 0.10%, 0, 7, 3, 202.60
1429484447, 2, 7, 8, 0, 0, 0.10%, 0, 8, 3, 218.13
1429484472, 3, 0, 8, 0, 0, 0.10%, 0, 8, 3, 231.25
1429484493, 3, 1, 8, 0, 0, 0.10%, 0, 8, 3, 228.74
1429484544, 3, 2, 8, 0, 0, 0.10%, 0, 8, 3, 228.22
1429484580, 3, 3, 8, 0, 0, 0.10%, 0, 8, 3, 220.34
1429484606, 3, 4, 8, 0, 0, 0.10%, 0, 8, 3, 225.87
1429484626, 3, 5, 8, 0, 0, 0.10%, 0, 8, 3, 230.28
1429484642, 3, 6, 8, 0, 0, 0.10%, 0, 8, 3, 230.90
1429484693, 3, 7, 8, 0, 0, 0.10%, 0, 8, 3, 231.41
1429484734, 4, 0, 8, 0, 0, 0.10%, 0, 8, 3, 231.57
1429484754, 4, 1, 8, 0, 0, 0.10%, 0, 8, 3, 231.88
1429484795, 4, 2, 8, 0, 0, 0.10%, 0, 8, 3, 230.66
1429484842, 4, 3, 8, 0, 0, 0.10%, 0, 8, 3, 232.42
1429484867, 4, 4, 8, 0, 0, 0.10%, 0, 8, 3, 232.48
1429484888, 4, 5, 8, 0, 0, 0.10%, 0, 8, 3, 233.33
1429484903, 4, 6, 8, 0, 0, 0.10%, 0, 8, 3, 231.42
1429484960, 4, 7, 8, 0, 0, 0.10%, 0, 8, 3, 217.46
1429484996, 5, 0, 8, 0, 0, 0.10%, 0, 8, 3, 233.14
1429485016, 5, 1, 8, 0, 0, 0.10%, 0, 8, 3, 231.79
1429485058, 5, 2, 8, 0, 0, 0.10%, 0, 8, 3, 231.92
1429485098, 5, 3, 8, 0, 0, 0.10%, 0, 8, 3, 229.96
1429485119, 5, 4, 8, 0, 0, 0.10%, 0, 8, 3, 231.75
1429485140, 5, 5, 8, 0, 0, 0.10%, 0, 8, 3, 230.99
1429485155, 5, 6, 8, 0, 0, 0.10%, 0, 8, 3, 231.08
1429485217, 5, 7, 8, 0, 0, 0.10%, 0, 8, 3, 231.64
1429485263, 6, 0, 8, 0, 0, 0.10%, 0, 8, 3, 232.95
1429485284, 6, 1, 8, 0, 0, 0.10%, 0, 8, 3, 231.41
1429485314, 6, 2, 8, 0, 0, 0.10%, 0, 8, 3, 231.85
1429485350, 6, 3, 8, 0, 0, 0.10%, 0, 8, 3, 229.31
1429485371, 6, 4, 8, 0, 0, 0.10%, 0, 8, 3, 233.06
1429485392, 6, 5, 8, 0, 0, 0.10%, 0, 8, 3, 229.09
1429485407, 6, 6, 8, 0, 0, 0.10%, 0, 8, 3, 228.84
1429485469, 6, 7, 8, 0, 0, 0.10%, 0, 8, 3, 229.12
1429485500, 7, 0, 8, 0, 0, 0.10%, 0, 8, 3, 230.08
1429485526, 7, 1, 8, 0, 0, 0.10%, 0, 8, 3, 229.86
1429485567, 7, 2, 8, 0, 0, 0.10%, 0, 8, 3, 230.68
1429485608, 7, 3, 8, 0, 0, 0.10%, 0, 8, 3, 228.75
1429485629, 7, 4, 8, 0, 0, 0.10%, 0, 8, 3, 230.46
1429485649, 7, 5, 8, 0, 0, 0.10%, 0, 8, 3, 229.48
1429485665, 7, 6, 8, 0, 0, 0.10%, 0, 8, 3, 230.22
1429485742, 7, 7, 8, 0, 0, 0.10%, 0, 8, 3, 228.02
1429485778, 8, 0, 8, 0, 0, 0.10%, 0, 8, 3, 230.75
1429485804, 8, 1, 8, 0, 0, 0.10%, 0, 8, 3, 231.30
1429485835, 8, 2, 8, 0, 0, 0.10%, 0, 8, 3, 232.26
1429485876, 8, 3, 8, 0, 0, 0.10%, 0, 8, 3, 231.39
1429485897, 8, 4, 8, 0, 0, 0.10%, 0, 8, 3, 233.45
1429485917, 8, 5, 8, 0, 0, 0.10%, 0, 8, 3, 232.90
1429485933, 8, 6, 8, 0, 0, 0.10%, 0, 8, 3, 228.27
1429486009, 8, 7, 8, 0, 0, 0.10%, 0, 8, 3, 223.59
1429486046, 9, 0, 8, 0, 0, 0.10%, 0, 8, 3, 231.53
1429486066, 9, 1, 8, 0, 0, 0.10%, 0, 8, 3, 230.54
1429486102, 9, 2, 8, 0, 0, 0.10%, 0, 8, 3, 232.43
1429486148, 9, 3, 8, 0, 0, 0.10%, 0, 8, 3, 233.09
1429486169, 9, 4, 8, 0, 0, 0.10%, 0, 8, 3, 225.11
1429486189, 9, 5, 8, 0, 0, 0.10%, 0, 8, 3, 230.61
1429486205, 9, 6, 8, 0, 0, 0.10%, 0, 8, 3, 230.56
1429486272, 9, 7, 8, 0, 0, 0.10%, 0, 8, 3, 229.22
1429486308, 10, 0, 8, 0, 0, 0.10%, 0, 8, 3, 232.03
1429486328, 10, 1, 8, 0, 0, 0.10%, 0, 8, 3, 228.63
1429486359, 10, 2, 8, 0, 0, 0.10%, 0, 8, 3, 229.92
1429486395, 10, 3, 8, 0, 0, 0.10%, 0, 8, 3, 232.02
1429486416, 10, 4, 8, 0, 0, 0.10%, 0, 8, 3, 232.23
1429486436, 10, 5, 8, 0, 0, 0.10%, 0, 8, 3, 231.24
1429486452, 10, 6, 8, 0, 0, 0.10%, 0, 8, 3, 234.44
1429486478, 10, 6, 8, 0, 0, 0.10%, 0, 9, 3, 229.72
1429486519, 10, 7, 8, 0, 0, 0.10%, 0, 9, 3, 232.21
1429486565, 11, 0, 8, 0, 0, 0.10%, 0, 9, 3, 229.62
1429486586, 11, 1, 8, 0, 0, 0.10%, 0, 9, 3, 228.23
1429486627, 11, 2, 8, 0, 0, 0.10%, 0, 9, 3, 230.01
1429486663, 11, 3, 8, 0, 0, 0.10%, 0, 9, 3, 230.75
1429486684, 11, 4, 8, 0, 0, 0.10%, 0, 9, 3, 228.34
1429486704, 11, 5, 8, 0, 0, 0.10%, 0, 9, 3, 232.41
1429486720, 11, 6, 8, 0, 0, 0.10%, 0, 9, 3, 230.85
1429486797, 11, 7, 8, 0, 0, 0.10%, 0, 9, 3, 233.20
1429486838, 12, 0, 8, 0, 0, 0.10%, 0, 9, 3, 229.10
1429486859, 12, 1, 8, 0, 0, 0.10%, 0, 9, 3, 228.94
1429486900, 12, 2, 8, 0, 0, 0.10%, 0, 9, 3, 227.74
1429486941, 12, 3, 8, 0, 0, 0.10%, 0, 9, 3, 230.71
1429486962, 12, 4, 8, 0, 0, 0.10%, 0, 9, 3, 227.49
1429486983, 12, 5, 8, 0, 0, 0.10%, 0, 9, 3, 230.48
1429487003, 12, 6, 8, 0, 0, 0.10%, 0, 9, 3, 232.54
1429487075, 12, 7, 8, 0, 0, 0.10%, 0, 9, 3, 228.09
1429487121, 13, 0, 8, 0, 0, 0.10%, 0, 9, 3, 230.33
1429487142, 13, 1, 8, 0, 0, 0.10%, 0, 9, 3, 231.73
1429487188, 13, 2, 8, 0, 0, 0.10%, 0, 9, 3, 231.82
1429487229, 13, 3, 8, 0, 0, 0.10%, 0, 9, 3, 227.24
1429487250, 13, 4, 8, 0, 0, 0.10%, 0, 9, 3, 230.37
1429487275, 13, 5, 8, 0, 0, 0.10%, 0, 9, 3, 220.36
1429487291, 13, 6, 8, 0, 0, 0.10%, 0, 9, 3, 230.67
1429487358, 13, 7, 8, 0, 0, 0.10%, 0, 9, 3, 229.97
1429487394, 14, 0, 8, 0, 0, 0.10%, 0, 9, 3, 232.76
1429487414, 14, 1, 8, 0, 0, 0.10%, 0, 9, 3, 231.35
1429487455, 14, 2, 8, 0, 0, 0.10%, 0, 9, 3, 228.18
1429487506, 14, 3, 8, 0, 0, 0.10%, 0, 9, 3, 231.06
1429487527, 14, 4, 8, 0, 0, 0.10%, 0, 9, 3, 231.45
1429487548, 14, 5, 8, 0, 0, 0.10%, 0, 9, 3, 228.48
1429487563, 14, 6, 8, 0, 0, 0.10%, 0, 9, 3, 229.40
1429487625, 14, 7, 8, 0, 0, 0.10%, 0, 9, 3, 230.37
1429487665, 15, 0, 8, 0, 0, 0.10%, 0, 9, 3, 231.65
1429487686, 15, 1, 8, 0, 0, 0.10%, 0, 9, 3, 228.66
1429487727, 15, 2, 8, 0, 0, 0.10%, 0, 9, 3, 229.84
1429487758, 15, 3, 8, 0, 0, 0.10%, 0, 9, 3, 223.07
1429487779, 15, 4, 8, 0, 0, 0.10%, 0, 9, 3, 230.64
1429487799, 15, 5, 8, 0, 0, 0.10%, 0, 9, 3, 230.70
1429487815, 15, 6, 8, 0, 0, 0.10%, 0, 9, 3, 231.91
1429487872, 15, 7, 8, 0, 0, 0.10%, 0, 9, 3, 229.36
1429487908, 16, 0, 8, 0, 0, 0.10%, 0, 9, 3, 226.65
1429487928, 16, 1, 8, 0, 0, 0.10%, 0, 9, 3, 229.73
1429487974, 16, 2, 8, 0, 0, 0.10%, 0, 9, 3, 221.29
1429488016, 16, 3, 8, 0, 0, 0.10%, 0, 9, 3, 192.41
1429488041, 16, 4, 8, 0, 0, 0.10%, 0, 9, 3, 210.50
1429488062, 16, 5, 8, 0, 0, 0.10%, 0, 9, 3, 230.88
1429488082, 16, 6, 8, 0, 0, 0.10%, 0, 9, 3, 234.19
1429488134, 16, 7, 8, 0, 0, 0.10%, 0, 9, 3, 232.16
1429488170, 17, 0, 8, 0, 0, 0.10%, 0, 9, 3, 227.64
1429488195, 17, 1, 8, 0, 0, 0.10%, 0, 9, 3, 227.99
1429488237, 17, 2, 8, 0, 0, 0.10%, 0, 9, 3, 228.39
1429488272, 17, 3, 8, 0, 0, 0.10%, 0, 9, 3, 227.31
1429488293, 17, 4, 8, 0, 0, 0.10%, 0, 9, 3, 229.43
1429488313, 17, 5, 8, 0, 0, 0.10%, 0, 9, 3, 230.43
1429488329, 17, 6, 8, 0, 0, 0.10%, 0, 9, 3, 229.52
1429488401, 17, 7, 8, 0, 0, 0.10%, 0, 9, 3, 228.87
1429488437, 18, 0, 8, 0, 0, 0.10%, 0, 9, 3, 229.06
1429488457, 18, 1, 8, 0, 0, 0.10%, 0, 9, 3, 231.48
1429488498, 18, 2, 8, 0, 0, 0.10%, 0, 9, 3, 233.40
1429488539, 18, 3, 8, 0, 0, 0.10%, 0, 9, 3, 230.53
1429488560, 18, 4, 8, 0, 0, 0.10%, 0, 9, 3, 228.17
1429488586, 18, 5, 8, 0, 0, 0.10%, 0, 9, 3, 229.92
1429488601, 18, 6, 8, 0, 0, 0.10%, 0, 9, 3, 230.79
1429488668, 18, 7, 8, 0, 0, 0.10%, 0, 9, 3, 230.29
1429488704, 19, 0, 8, 0, 0, 0.10%, 0, 9, 3, 232.83
1429488725, 19, 1, 8, 0, 0, 0.10%, 0, 9, 3, 231.74
1429488771, 19, 2, 8, 0, 0, 0.10%, 0, 9, 3, 229.89
1429488812, 19, 3, 8, 0, 0, 0.10%, 0, 9, 3, 231.87
1429488833, 19, 4, 8, 0, 0, 0.10%, 0, 9, 3, 230.66
1429488859, 19, 5, 8, 0, 0, 0.10%, 0, 9, 3, 231.92
1429488874, 19, 6, 8, 0, 0, 0.10%, 0, 9, 3, 230.44
1429488936, 19, 7, 8, 0, 0, 0.10%, 0, 9, 3, 231.38
1429488977, 20, 0, 8, 0, 0, 0.10%, 0, 9, 3, 233.87
1429488998, 20, 1, 8, 0, 0, 0.10%, 0, 9, 3, 230.73
1429489034, 20, 2, 8, 0, 0, 0.10%, 0, 9, 3, 230.41
1429489075, 20, 3, 8, 0, 0, 0.10%, 0, 9, 3, 229.90
1429489095, 20, 4, 8, 0, 0, 0.10%, 0, 9, 3, 229.30
1429489121, 20, 5, 8, 0, 0, 0.10%, 0, 9, 3, 229.83
1429489137, 20, 6, 8, 0, 0, 0.10%, 0, 9, 3, 229.44
1429489193, 20, 7, 8, 0, 0, 0.10%, 0, 9, 3, 231.23
1429489229, 21, 0, 8, 0, 0, 0.10%, 0, 9, 3, 233.64
1429489250, 21, 1, 8, 0, 0, 0.10%, 0, 9, 3, 233.27
1429489286, 21, 2, 8, 0, 0, 0.10%, 0, 9, 3, 231.21
1429489327, 21, 3, 8, 0, 0, 0.10%, 0, 9, 3, 231.84
1429489348, 21, 4, 8, 0, 0, 0.10%, 0, 9, 3, 231.93
1429489373, 21, 5, 8, 0, 0, 0.10%, 0, 9, 3, 226.16
1429489389, 21, 6, 8, 0, 0, 0.10%, 0, 9, 3, 231.50
1429489456, 21, 7, 8, 0, 0, 0.10%, 0, 9, 3, 230.43
1429489502, 22, 0, 8, 0, 0, 0.10%, 0, 9, 3, 227.51
1429489523, 22, 1, 8, 0, 0, 0.10%, 0, 9, 3, 231.76
1429489554, 22, 2, 8, 0, 0, 0.10%, 0, 9, 3, 231.37
1429489594, 22, 3, 8, 0, 0, 0.10%, 0, 9, 3, 231.06
1429489615, 22, 4, 8, 0, 0, 0.10%, 0, 9, 3, 231.55
1429489635, 22, 5, 8, 0, 0, 0.10%, 0, 9, 3, 232.16
1429489651, 22, 6, 8, 0, 0, 0.10%, 0, 9, 3, 232.84
1429489713, 22, 7, 8, 0, 0, 0.10%, 0, 9, 3, 231.16
1429489759, 23, 0, 8, 0, 0, 0.10%, 0, 9, 3, 230.05
1429489780, 23, 1, 8, 0, 0, 0.10%, 0, 9, 3, 229.03
1429489821, 23, 2, 8, 0, 0, 0.10%, 0, 9, 3, 231.10
1429489862, 23, 3, 8, 0, 0, 0.10%, 0, 9, 3, 230.07
1429489888, 23, 4, 8, 0, 0, 0.10%, 0, 9, 3, 231.43
1429489908, 23, 5, 8, 0, 0, 0.10%, 0, 9, 3, 230.35
1429489924, 23, 6, 8, 0, 0, 0.10%, 0, 9, 3, 229.53
1429489990, 23, 7, 8, 0, 0, 0.10%, 0, 9, 3, 231.20
1429490037, 24, 0, 8, 0, 0, 0.10%, 0, 9, 3, 231.66
1429490057, 24, 1, 8, 0, 0, 0.10%, 0, 9, 3, 230.46
1429490099, 24, 2, 8, 0, 0, 0.10%, 0, 9, 3, 231.99
1429490135, 24, 3, 8, 0, 0, 0.10%, 0, 9, 3, 232.20
1429490155, 24, 4, 8, 0, 0, 0.10%, 0, 9, 3, 231.70
1429490176, 24, 5, 8, 0, 0, 0.10%, 0, 9, 3, 231.75
1429490191, 24, 6, 8, 0, 0, 0.10%, 0, 9, 3, 229.96
1429490268, 24, 7, 8, 0, 0, 0.10%, 0, 9, 3, 229.07
1429490309, 25, 0, 8, 0, 0, 0.10%, 0, 9, 3, 229.90
1429490330, 25, 1, 8, 0, 0, 0.10%, 0, 9, 3, 233.12
1429490371, 25, 2, 8, 0, 0, 0.10%, 0, 9, 3, 231.16
1429490417, 25, 3, 8, 0, 0, 0.10%, 0, 9, 3, 231.48
1429490438, 25, 4, 8, 0, 0, 0.10%, 0, 9, 3, 232.97
1429490458, 25, 5, 8, 0, 0, 0.10%, 0, 9, 3, 230.60
1429490473, 25, 6, 8, 0, 0, 0.10%, 0, 9, 3, 230.16
1429490546, 25, 7, 8, 0, 0, 0.10%, 0, 9, 3, 231.22
1429490587, 26, 0, 8, 0, 0, 0.10%, 0, 9, 3, 227.12
1429490607, 26, 1, 8, 0, 0, 0.10%, 0, 9, 3, 234.37
1429490649, 26, 2, 8, 0, 0, 0.10%, 0, 9, 3, 233.08
1429490690, 26, 3, 8, 0, 0, 0.10%, 0, 9, 3, 230.87
1429490710, 26, 4, 8, 0, 0, 0.10%, 0, 9, 3, 229.62
1429490731, 26, 5, 8, 0, 0, 0.10%, 0, 9, 3, 230.63
1429490752, 26, 6, 8, 0, 0, 0.10%, 0, 9, 3, 229.31
1429490803, 26, 7, 8, 0, 0, 0.10%, 0, 9, 3, 231.16
1429490850, 27, 0, 8, 0, 0, 0.10%, 0, 9, 3, 230.57
1429490870, 27, 1, 8, 0, 0, 0.10%, 0, 9, 3, 229.72
1429490916, 27, 2, 8, 0, 0, 0.10%, 0, 9, 3, 233.85
1429490952, 27, 3, 8, 0, 0, 0.10%, 0, 9, 3, 229.17
1429490973, 27, 4, 8, 0, 0, 0.10%, 0, 9, 3, 233.62
1429490993, 27, 5, 8, 0, 0, 0.10%, 0, 9, 3, 230.84
1429491009, 27, 6, 8, 0, 0, 0.10%, 0, 9, 3, 232.15
1429491071, 27, 7, 8, 0, 0, 0.10%, 0, 9, 3, 230.53
1429491107, 28, 0, 8, 0, 0, 0.10%, 0, 9, 3, 230.72
1429491133, 28, 1, 8, 0, 0, 0.10%, 0, 9, 3, 230.91
1429491169, 28, 2, 8, 0, 0, 0.10%, 0, 9, 3, 230.77
1429491205, 28, 3, 8, 0, 0, 0.10%, 0, 9, 3, 224.69
1429491230, 28, 4, 8, 0, 0, 0.10%, 0, 9, 3, 229.90
1429491251, 28, 5, 8, 0, 0, 0.10%, 0, 9, 3, 228.53
1429491267, 28, 6, 8, 0, 0, 0.10%, 0, 9, 3, 231.16
1429491323, 28, 7, 8, 0, 0, 0.10%, 0, 9, 3, 230.06
1429491364, 29, 0, 8, 0, 0, 0.10%, 0, 9, 3, 231.35
1429491385, 29, 1, 8, 0, 0, 0.10%, 0, 9, 3, 231.01
1429491416, 29, 2, 8, 0, 0, 0.10%, 0, 9, 3, 231.69
1429491457, 29, 3, 8, 0, 0, 0.10%, 0, 9, 3, 233.33
1429491477, 29, 4, 8, 0, 0, 0.10%, 0, 9, 3, 230.68
1429491498, 29, 5, 8, 0, 0, 0.10%, 0, 9, 3, 231.33
1429491513, 29, 6, 8, 0, 0, 0.10%, 0, 9, 3, 229.74
1429491586, 29, 7, 8, 0, 0, 0.10%, 0, 9, 3, 229.14
1429491627, 30, 0, 8, 0, 0, 0.10%, 0, 9, 3, 179.88
1429491652, 30, 1, 8, 0, 0, 0.10%, 0, 9, 3, 228.62
1429491704, 30, 2, 8, 0, 0, 0.10%, 0, 9, 3, 231.40
1429491745, 30, 3, 8, 0, 0, 0.10%, 0, 9, 3, 231.11
1429491765, 30, 4, 8, 0, 0, 0.10%, 0, 9, 3, 229.58
1429491786, 30, 5, 8, 0, 0, 0.10%, 0, 9, 3, 208.52
1429491801, 30, 6, 8, 0, 0, 0.10%, 0, 9, 3, 230.01
1429491868, 30, 7, 8, 0, 0, 0.10%, 0, 9, 3, 231.99
1429491905, 31, 0, 8, 0, 0, 0.10%, 0, 9, 3, 227.69
1429491930, 31, 1, 8, 0, 0, 0.10%, 0, 9, 3, 233.08
1429491966, 31, 2, 8, 0, 0, 0.10%, 0, 9, 3, 229.94
1429492002, 31, 3, 8, 0, 0, 0.10%, 0, 9, 3, 227.28
1429492028, 31, 4, 8, 0, 0, 0.10%, 0, 9, 3, 229.72
1429492049, 31, 5, 8, 0, 0, 0.10%, 0, 9, 3, 230.17
1429492064, 31, 6, 8, 0, 0, 0.10%, 0, 9, 3, 231.02
1429492121, 31, 7, 8, 0, 0, 0.10%, 0, 9, 3, 226.11
1429492162, 32, 0, 8, 0, 0, 0.10%, 0, 9, 3, 224.92
1429492182, 32, 1, 8, 0, 0, 0.10%, 0, 9, 3, 230.60
1429492213, 32, 2, 8, 0, 0, 0.10%, 0, 9, 3, 229.09
1429492254, 32, 3, 8, 0, 0, 0.10%, 0, 9, 3, 227.93
1429492275, 32, 4, 8, 0, 0, 0.10%, 0, 9, 3, 230.51
1429492295, 32, 5, 8, 0, 0, 0.10%, 0, 9, 3, 234.34
1429492316, 32, 6, 8, 0, 0, 0.10%, 0, 9, 3, 233.15
1429492367, 32, 7, 8, 0, 0, 0.10%, 0, 9, 3, 229.67
1429492414, 33, 0, 8, 0, 0, 0.10%, 0, 9, 3, 229.96
1429492439, 33, 1, 8, 0, 0, 0.10%, 0, 9, 3, 228.83
1429492475, 33, 2, 8, 0, 0, 0.10%, 0, 9, 3, 227.95
1429492511, 33, 3, 8, 0, 0, 0.10%, 0, 9, 3, 229.99
1429492537, 33, 4, 8, 0, 0, 0.10%, 0, 9, 3, 229.28
1429492558, 33, 5, 8, 0, 0, 0.10%, 0, 9, 3, 227.29
1429492573, 33, 6, 8, 0, 0, 0.10%, 0, 9, 3, 227.21
1429492620, 33, 7, 8, 0, 0, 0.10%, 0, 9, 3, 230.89
1429492650, 34, 0, 8, 0, 0, 0.10%, 0, 9, 3, 229.87
1429492671, 34, 1, 8, 0, 0, 0.10%, 0, 9, 3, 231.39
1429492712, 34, 2, 8, 0, 0, 0.10%, 0, 9, 3, 231.63
1429492749, 34, 3, 8, 0, 0, 0.10%, 0, 9, 3, 229.49
1429492769, 34, 4, 8, 0, 0, 0.10%, 0, 9, 3, 230.97
1429492795, 34, 5, 8, 0, 0, 0.10%, 0, 9, 3, 232.97
1429492810, 34, 6, 8, 0, 0, 0.10%, 0, 9, 3, 225.34
1429492867, 34, 7, 8, 0, 0, 0.10%, 0, 9, 3, 232.68
1429492903, 35, 0, 8, 0, 0, 0.10%, 0, 9, 3, 231.45
1429492924, 35, 1, 8, 0, 0, 0.10%, 0, 9, 3, 228.89
1429492960, 35, 2, 8, 0, 0, 0.10%, 0, 9, 3, 230.15
1429493006, 35, 3, 8, 0, 0, 0.10%, 0, 9, 3, 228.73
1429493032, 35, 4, 8, 0, 0, 0.10%, 0, 9, 3, 232.54
1429493052, 35, 5, 8, 0, 0, 0.10%, 0, 9, 3, 230.49
1429493068, 35, 6, 8, 0, 0, 0.10%, 0, 9, 3, 230.46
1429493125, 35, 7, 8, 0, 0, 0.10%, 0, 9, 3, 229.23
1429493166, 36, 0, 8, 0, 0, 0.10%, 0, 9, 3, 231.26
1429493187, 36, 1, 8, 0, 0, 0.10%, 0, 9, 3, 230.62
1429493228, 36, 2, 8, 0, 0, 0.10%, 0, 9, 3, 232.31
1429493269, 36, 3, 8, 0, 0, 0.10%, 0, 9, 3, 233.76
1429493289, 36, 4, 8, 0, 0, 0.10%, 0, 9, 3, 231.31
1429493310, 36, 5, 8, 0, 0, 0.10%, 0, 9, 3, 234.91
1429493330, 36, 6, 8, 0, 0, 0.10%, 0, 9, 3, 233.43
1429493392, 36, 7, 8, 0, 0, 0.10%, 0, 9, 3, 231.25
1429493438, 37, 0, 8, 0, 0, 0.10%, 0, 9, 3, 231.46
1429493458, 37, 1, 8, 0, 0, 0.10%, 0, 9, 3, 226.44
1429493500, 37, 2, 8, 0, 0, 0.10%, 0, 9, 3, 228.97
1429493541, 37, 3, 8, 0, 0, 0.10%, 0, 9, 3, 227.26
1429493561, 37, 4, 8, 0, 0, 0.10%, 0, 9, 3, 234.09
1429493582, 37, 5, 8, 0, 0, 0.10%, 0, 9, 3, 231.21
1429493597, 37, 6, 8, 0, 0, 0.10%, 0, 9, 3, 230.33
1429493658, 37, 7, 8, 0, 0, 0.10%, 0, 9, 3, 228.20
1429493694, 38, 0, 8, 0, 0, 0.10%, 0, 9, 3, 231.43
1429493715, 38, 1, 8, 0, 0, 0.10%, 0, 9, 3, 229.90
1429493756, 38, 2, 8, 0, 0, 0.10%, 0, 9, 3, 233.04
1429493782, 38, 3, 8, 0, 0, 0.10%, 0, 9, 3, 231.04
1429493807, 38, 4, 8, 0, 0, 0.10%, 0, 9, 3, 231.60
1429493828, 38, 5, 8, 0, 0, 0.10%, 0, 9, 3, 231.15
1429493843, 38, 6, 8, 0, 0, 0.10%, 0, 9, 3, 231.23
1429493911, 38, 7, 8, 0, 0, 0.10%, 0, 9, 3, 229.55
1429493951, 39, 0, 8, 0, 0, 0.10%, 0, 9, 3, 231.54
1429493977, 39, 1, 8, 0, 0, 0.10%, 0, 9, 3, 232.21
1429494013, 39, 2, 8, 0, 0, 0.10%, 0, 9, 3, 230.18
1429494059, 39, 3, 8, 0, 0, 0.10%, 0, 9, 3, 231.61
1429494080, 39, 4, 8, 0, 0, 0.10%, 0, 9, 3, 228.09
1429494100, 39, 5, 8, 0, 0, 0.10%, 0, 9, 3, 230.47
1429494121, 39, 6, 8, 0, 0, 0.10%, 0, 9, 3, 226.84
1429494172, 39, 7, 8, 0, 0, 0.10%, 0, 9, 3, 231.32
1429494209, 40, 0, 8, 0, 0, 0.10%, 0, 9, 3, 228.28
1429494229, 40, 1, 8, 0, 0, 0.10%, 0, 9, 3, 229.63
1429494275, 40, 2, 8, 0, 0, 0.10%, 0, 9, 3, 230.54
1429494311, 40, 3, 8, 0, 0, 0.10%, 0, 9, 3, 229.81
1429494331, 40, 4, 8, 0, 0, 0.10%, 0, 9, 3, 230.93
1429494352, 40, 5, 8, 0, 0, 0.10%, 0, 9, 3, 232.80
1429494367, 40, 6, 8, 0, 0, 0.10%, 0, 9, 3, 230.50
1429494434, 40, 7, 8, 0, 0, 0.10%, 0, 9, 3, 231.43
1429494475, 41, 0, 8, 0, 0, 0.10%, 0, 9, 3, 233.47
1429494496, 41, 1, 8, 0, 0, 0.10%, 0, 9, 3, 226.42
1429494532, 41, 2, 8, 0, 0, 0.10%, 0, 9, 3, 232.10
1429494573, 41, 3, 8, 0, 0, 0.10%, 0, 9, 3, 233.31
1429494598, 41, 4, 8, 0, 0, 0.10%, 0, 9, 3, 232.12
1429494619, 41, 5, 8, 0, 0, 0.10%, 0, 9, 3, 229.95
1429494634, 41, 6, 8, 0, 0, 0.10%, 0, 9, 3, 226.00
1429494696, 41, 7, 8, 0, 0, 0.10%, 0, 9, 3, 232.36
1429494737, 42, 0, 8, 0, 0, 0.10%, 0, 9, 3, 231.84
1429494757, 42, 1, 8, 0, 0, 0.10%, 0, 9, 3, 230.63
1429494804, 42, 2, 8, 0, 0, 0.10%, 0, 9, 3, 232.17
1429494845, 42, 3, 8, 0, 0, 0.10%, 0, 9, 3, 229.30
1429494866, 42, 4, 8, 0, 0, 0.10%, 0, 9, 3, 229.11
1429494886, 42, 5, 8, 0, 0, 0.10%, 0, 9, 3, 228.81
1429494902, 42, 6, 8, 0, 0, 0.10%, 0, 9, 3, 231.41
1429494953, 42, 7, 8, 0, 0, 0.10%, 0, 9, 3, 233.37
1429494994, 43, 0, 8, 0, 0, 0.10%, 0, 9, 3, 230.77
1429495015, 43, 1, 8, 0, 0, 0.10%, 0, 9, 3, 231.01
1429495056, 43, 2, 8, 0, 0, 0.10%, 0, 9, 3, 229.00
1429495092, 43, 3, 8, 0, 0, 0.10%, 0, 9, 3, 227.83
1429495113, 43, 4, 8, 0, 0, 0.10%, 0, 9, 3, 231.41
1429495138, 43, 5, 8, 0, 0, 0.10%, 0, 9, 3, 228.85
1429495154, 43, 6, 8, 0, 0, 0.10%, 0, 9, 3, 228.69
1429495210, 43, 7, 8, 0, 0, 0.10%, 0, 9, 3, 171.73
1429495256, 44, 0, 8, 0, 0, 0.10%, 0, 9, 3, 230.84
1429495276, 44, 1, 8, 0, 0, 0.10%, 0, 9, 3, 227.29
1429495318, 44, 2, 8, 0, 0, 0.10%, 0, 9, 3, 228.69
1429495364, 44, 3, 8, 0, 0, 0.10%, 0, 9, 3, 231.42
1429495384, 44, 4, 8, 0, 0, 0.10%, 0, 9, 3, 202.86
1429495410, 44, 5, 8, 0, 0, 0.10%, 0, 9, 3, 232.16
1429495425, 44, 6, 8, 0, 0, 0.10%, 0, 9, 3, 229.68
1429495492, 44, 7, 8, 0, 0, 0.10%, 0, 9, 3, 231.39
1429495533, 45, 0, 8, 0, 0, 0.10%, 0, 9, 3, 233.50
1429495553, 45, 1, 8, 0, 0, 0.10%, 0, 9, 3, 229.09
1429495589, 45, 2, 8, 0, 0, 0.10%, 0, 9, 3, 229.93
1429495631, 45, 3, 8, 0, 0, 0.10%, 0, 9, 3, 227.39
1429495656, 45, 4, 8, 0, 0, 0.10%, 0, 9, 3, 228.36
1429495677, 45, 5, 8, 0, 0, 0.10%, 0, 9, 3, 229.62
1429495693, 45, 6, 8, 0, 0, 0.10%, 0, 9, 3, 229.94
1429495765, 45, 7, 8, 0, 0, 0.10%, 0, 9, 3, 228.28
1429495806, 46, 0, 8, 0, 0, 0.10%, 0, 9, 3, 228.45
1429495827, 46, 1, 8, 0, 0, 0.10%, 0, 9, 3, 230.98
1429495868, 46, 2, 8, 0, 0, 0.10%, 0, 9, 3, 233.33
1429495914, 46, 3, 8, 0, 0, 0.10%, 0, 9, 3, 233.13
1429495935, 46, 4, 8, 0, 0, 0.10%, 0, 9, 3, 231.87
1429495961, 46, 5, 8, 0, 0, 0.10%, 0, 9, 3, 230.99
1429495976, 46, 6, 8, 0, 0, 0.10%, 0, 9, 3, 228.24
1429496043, 46, 7, 8, 0, 0, 0.10%, 0, 9, 3, 228.38
1429496084, 47, 0, 8, 0, 0, 0.10%, 0, 9, 3, 229.28
1429496104, 47, 1, 8, 0, 0, 0.10%, 0, 9, 3, 228.45
1429496140, 47, 2, 8, 0, 0, 0.10%, 0, 9, 3, 228.38
1429496176, 47, 3, 8, 0, 0, 0.10%, 0, 9, 3, 227.05
1429496197, 47, 4, 8, 0, 0, 0.10%, 0, 9, 3, 231.58
1429496218, 47, 5, 8, 0, 0, 0.10%, 0, 9, 3, 229.81
1429496233, 47, 6, 8, 0, 0, 0.10%, 0, 9, 3, 228.09
1429496285, 47, 7, 8, 0, 0, 0.10%, 0, 9, 3, 230.18
1429496326, 48, 0, 8, 0, 0, 0.10%, 0, 9, 3, 229.05
1429496351, 48, 1, 8, 0, 0, 0.10%, 0, 9, 3, 229.81
1429496393, 48, 2, 8, 0, 0, 0.10%, 0, 9, 3, 229.82
1429496429, 48, 3, 8, 0, 0, 0.10%, 0, 9, 3, 231.09
1429496449, 48, 4, 8, 0, 0, 0.10%, 0, 9, 3, 230.42
1429496475, 48, 5, 8, 0, 0, 0.10%, 0, 9, 3, 228.14
1429496491, 48, 6, 8, 0, 0, 0.10%, 0, 9, 3, 230.29
1429496552, 48, 7, 8, 0, 0, 0.10%, 0, 9, 3, 229.97
1429496594, 49, 0, 8, 0, 0, 0.10%, 0, 9, 3, 230.64
1429496614, 49, 1, 8, 0, 0, 0.10%, 0, 9, 3, 229.33
1429496656, 49, 2, 8, 0, 0, 0.10%, 0, 9, 3, 229.39
1429496697, 49, 3, 8, 0, 0, 0.10%, 0, 9, 3, 232.86
1429496717, 49, 4, 8, 0, 0, 0.10%, 0, 9, 3, 229.12
1429496743, 49, 5, 8, 0, 0, 0.10%, 0, 9, 3, 232.73
1429496758, 49, 6, 8, 0, 0, 0.10%, 0, 9, 3, 232.63
1429496815, 49, 7, 8, 0, 0, 0.10%, 0, 9, 3, 233.15
1429496856, 50, 0, 8, 0, 0, 0.10%, 0, 9, 3, 231.47
1429496876, 50, 1, 8, 0, 0, 0.10%, 0, 9, 3, 231.63
1429496922, 50, 2, 8, 0, 0, 0.10%, 0, 9, 3, 229.91
1429496958, 50, 3, 8, 0, 0, 0.10%, 0, 9, 3, 230.25
1429496979, 50, 4, 8, 0, 0, 0.10%, 0, 9, 3, 233.31
1429496999, 50, 5, 8, 0, 0, 0.10%, 0, 9, 3, 229.40
1429497014, 50, 6, 8, 0, 0, 0.10%, 0, 9, 3, 229.32
1429497081, 50, 7, 8, 0, 0, 0.10%, 0, 9, 3, 228.90
1429497127, 51, 0, 8, 0, 0, 0.10%, 0, 9, 3, 230.17
1429497148, 51, 1, 8, 0, 0, 0.10%, 0, 9, 3, 229.50
1429497178, 51, 2, 8, 0, 0, 0.10%, 0, 9, 3, 226.57
1429497235, 51, 3, 8, 0, 0, 0.10%, 0, 9, 3, 226.82
1429497256, 51, 4, 8, 0, 0, 0.10%, 0, 9, 3, 230.77
1429497281, 51, 5, 8, 0, 0, 0.10%, 0, 9, 3, 229.37
1429497297, 51, 6, 8, 0, 0, 0.10%, 0, 9, 3, 231.49
1429497364, 51, 7, 8, 0, 0, 0.10%, 0, 9, 3, 230.86
1429497400, 52, 0, 8, 0, 0, 0.10%, 0, 9, 3, 227.71
1429497426, 52, 1, 8, 0, 0, 0.10%, 0, 9, 3, 231.98
1429497462, 52, 2, 8, 0, 0, 0.10%, 0, 9, 3, 230.64
1429497498, 52, 3, 8, 0, 0, 0.10%, 0, 9, 3, 231.00
1429497518, 52, 4, 8, 0, 0, 0.10%, 0, 9, 3, 228.52
1429497539, 52, 5, 8, 0, 0, 0.10%, 0, 9, 3, 230.16
1429497554, 52, 6, 8, 0, 0, 0.10%, 0, 9, 3, 232.89
1429497626, 52, 7, 8, 0, 0, 0.10%, 0, 9, 3, 228.78
1429497667, 53, 0, 8, 0, 0, 0.10%, 0, 9, 3, 230.49
1429497688, 53, 1, 8, 0, 0, 0.10%, 0, 9, 3, 227.53
1429497734, 53, 2, 8, 0, 0, 0.10%, 0, 9, 3, 231.05
1429497776, 53, 3, 8, 0, 0, 0.10%, 0, 9, 3, 230.76
1429497796, 53, 4, 8, 0, 0, 0.10%, 0, 9, 3, 229.12
1429497822, 53, 5, 8, 0, 0, 0.10%, 0, 9, 3, 227.51
1429497838, 53, 6, 8, 0, 0, 0.10%, 0, 9, 3, 226.42
1429497910, 53, 7, 8, 0, 0, 0.10%, 0, 9, 3, 229.84
1429497935, 54, 0, 8, 0, 0, 0.10%, 0, 9, 3, 229.54
1429497961, 54, 1, 8, 0, 0, 0.10%, 0, 9, 3, 230.16
1429498002, 54, 2, 8, 0, 0, 0.10%, 0, 9, 3, 224.13
1429498043, 54, 3, 8, 0, 0, 0.10%, 0, 9, 3, 230.18
1429498069, 54, 4, 8, 0, 0, 0.10%, 0, 9, 3, 231.05
1429498090, 54, 5, 8, 0, 0, 0.10%, 0, 9, 3, 226.62
1429498105, 54, 6, 8, 0, 0, 0.10%, 0, 9, 3, 230.42
1429498162, 54, 7, 8, 0, 0, 0.10%, 0, 9, 3, 229.97
1429498203, 55, 0, 8, 0, 0, 0.10%, 0, 9, 3, 231.59
1429498224, 55, 1, 8, 0, 0, 0.10%, 0, 9, 3, 229.05
1429498275, 55, 2, 8, 0, 0, 0.10%, 0, 9, 3, 230.53
1429498316, 55, 3, 8, 0, 0, 0.10%, 0, 9, 3, 230.60
1429498337, 55, 4, 8, 0, 0, 0.10%, 0, 9, 3, 232.10
1429498362, 55, 5, 8, 0, 0, 0.10%, 0, 9, 3, 227.06
1429498378, 55, 6, 8, 0, 0, 0.10%, 0, 9, 3, 231.11
1429498434, 55, 7, 8, 0, 0, 0.10%, 0, 9, 3, 228.72
1429498475, 56, 0, 8, 0, 0, 0.10%, 0, 9, 3, 232.73
1429498496, 56, 1, 8, 0, 0, 0.10%, 0, 9, 3, 226.65
1429498532, 56, 2, 8, 0, 0, 0.10%, 0, 9, 3, 230.77
1429498573, 56, 3, 8, 0, 0, 0.10%, 0, 9, 3, 231.56
1429498594, 56, 4, 8, 0, 0, 0.10%, 0, 9, 3, 229.32
1429498619, 56, 5, 8, 0, 0, 0.10%, 0, 9, 3, 230.83
1429498635, 56, 6, 8, 0, 0, 0.10%, 0, 9, 3, 231.58
1429498681, 56, 7, 8, 0, 0, 0.10%, 0, 9, 3, 230.69
1429498717, 57, 0, 8, 0, 0, 0.10%, 0, 9, 3, 230.08
1429498742, 57, 1, 8, 0, 0, 0.10%, 0, 9, 3, 230.82
1429498778, 57, 2, 8, 0, 0, 0.10%, 0, 9, 3, 231.69
1429498825, 57, 3, 8, 0, 0, 0.10%, 0, 9, 3, 204.38
1429498845, 57, 4, 8, 0, 0, 0.10%, 0, 9, 3, 232.43
1429498866, 57, 5, 8, 0, 0, 0.10%, 0, 9, 3, 232.71
1429498882, 57, 6, 8, 0, 0, 0.10%, 0, 9, 3, 232.09
1429498959, 57, 7, 8, 0, 0, 0.10%, 0, 9, 3, 232.32
1429498995, 58, 0, 8, 0, 0, 0.10%, 0, 9, 3, 228.48
1429499015, 58, 1, 8, 0, 0, 0.10%, 0, 9, 3, 231.15
1429499061, 58, 2, 8, 0, 0, 0.10%, 0, 9, 3, 233.32
1429499097, 58, 3, 8, 0, 0, 0.10%, 0, 9, 3, 231.62
1429499118, 58, 4, 8, 0, 0, 0.10%, 0, 9, 3, 233.09
1429499138, 58, 5, 8, 0, 0, 0.10%, 0, 9, 3, 230.38
1429499154, 58, 6, 8, 0, 0, 0.10%, 0, 9, 3, 227.25
1429499236, 58, 7, 8, 0, 0, 0.10%, 0, 9, 3, 229.46
1429499278, 59, 0, 8, 0, 0, 0.10%, 0, 9, 3, 225.16
1429499298, 59, 1, 8, 0, 0, 0.10%, 0, 9, 3, 229.60
1429499344, 59, 2, 8, 0, 0, 0.10%, 0, 9, 3, 227.70
1429499381, 59, 3, 8, 0, 0, 0.10%, 0, 9, 3, 230.10
1429499401, 59, 4, 8, 0, 0, 0.10%, 0, 9, 3, 228.33
1429499427, 59, 5, 8, 0, 0, 0.10%, 0, 9, 3, 230.40
1429499442, 59, 6, 8, 0, 0, 0.10%, 0, 9, 3, 224.60
1429499499, 59, 7, 8, 0, 0, 0.10%, 0, 9, 3, 228.87
1429499540, 60, 0, 8, 0, 0, 0.10%, 0, 9, 3, 229.43
1429499566, 60, 1, 8, 0, 0, 0.10%, 0, 9, 3, 228.29
1429499607, 60, 2, 8, 0, 0, 0.10%, 0, 9, 3, 232.53
1429499653, 60, 3, 8, 0, 0, 0.10%, 0, 9, 3, 229.15
1429499674, 60, 4, 8, 0, 0, 0.10%, 0, 9, 3, 229.44
1429499694, 60, 5, 8, 0, 0, 0.10%, 0, 9, 3, 228.07
1429499710, 60, 6, 8, 0, 0, 0.10%, 0, 9, 3, 230.95
1429499766, 60, 7, 8, 0, 0, 0.10%, 0, 9, 3, 226.14
1429499808, 61, 0, 8, 0, 0, 0.10%, 0, 9, 3, 232.76
1429499828, 61, 1, 8, 0, 0, 0.10%, 0, 9, 3, 228.71
1429499875, 61, 2, 8, 0, 0, 0.10%, 0, 9, 3, 228.02
1429499916, 61, 3, 8, 0, 0, 0.10%, 0, 9, 3, 232.69
1429499936, 61, 4, 8, 0, 0, 0.10%, 0, 9, 3, 230.01
1429499957, 61, 5, 8, 0, 0, 0.10%, 0, 9, 3, 233.09
1429499972, 61, 6, 8, 0, 0, 0.10%, 0, 9, 3, 231.43
1429500034, 61, 7, 8, 0, 0, 0.10%, 0, 9, 3, 226.46
1429500070, 62, 0, 8, 0, 0, 0.10%, 0, 9, 3, 224.99
1429500095, 62, 1, 8, 0, 0, 0.10%, 0, 9, 3, 230.44
1429500132, 62, 2, 8, 0, 0, 0.10%, 0, 9, 3, 232.07
1429500168, 62, 3, 8, 0, 0, 0.10%, 0, 9, 3, 231.43
1429500189, 62, 4, 8, 0, 0, 0.10%, 0, 9, 3, 230.51
1429500209, 62, 5, 8, 0, 0, 0.10%, 0, 9, 3, 231.07
1429500225, 62, 6, 8, 0, 0, 0.10%, 0, 9, 3, 232.03
1429500281, 62, 7, 8, 0, 0, 0.10%, 0, 9, 3, 229.06
1429500317, 63, 0, 8, 0, 0, 0.10%, 0, 9, 3, 231.98
1429500338, 63, 1, 8, 0, 0, 0.10%, 0, 9, 3, 229.71
1429500379, 63, 2, 8, 0, 0, 0.10%, 0, 9, 3, 225.01
1429500420, 63, 3, 8, 0, 0, 0.10%, 0, 9, 3, 229.18
1429500446, 63, 4, 8, 0, 0, 0.10%, 0, 9, 3, 234.16
1429500466, 63, 5, 8, 0, 0, 0.10%, 0, 9, 3, 229.96
1429500482, 63, 6, 8, 0, 0, 0.10%, 0, 9, 3, 228.26
1429500543, 63, 7, 8, 0, 0, 0.10%, 0, 9, 3, 227.37
1429500584, 64, 0, 8, 0, 0, 0.10%, 0, 9, 3, 231.31
1429500605, 64, 1, 8, 0, 0, 0.10%, 0, 9, 3, 231.71
1429500641, 64, 2, 8, 0, 0, 0.10%, 0, 9, 3, 230.60
1429500682, 64, 3, 8, 0, 0, 0.10%, 0, 9, 3, 226.74
1429500708, 64, 4, 8, 0, 0, 0.10%, 0, 9, 3, 231.82
1429500728, 64, 5, 8, 0, 0, 0.10%, 0, 9, 3, 230.07
1429500744, 64, 6, 8, 0, 0, 0.10%, 0, 9, 3, 230.25
1429500805, 64, 7, 8, 0, 0, 0.10%, 0, 9, 3, 228.52
1429500842, 65, 0, 8, 0, 0, 0.10%, 0, 9, 3, 226.74
1429500862, 65, 1, 8, 0, 0, 0.10%, 0, 9, 3, 227.25
1429500898, 65, 2, 8, 0, 0, 0.10%, 0, 9, 3, 229.93
1429500939, 65, 3, 8, 0, 0, 0.10%, 0, 9, 3, 227.19
1429500965, 65, 4, 8, 0, 0, 0.10%, 0, 9, 3, 226.49
1429500985, 65, 5, 8, 0, 0, 0.10%, 0, 9, 3, 231.64
1429501001, 65, 6, 8, 0, 0, 0.10%, 0, 9, 3, 229.69
1429501073, 65, 7, 8, 0, 0, 0.10%, 0, 9, 3, 229.88
1429501114, 66, 0, 8, 0, 0, 0.10%, 0, 9, 3, 230.76
1429501134, 66, 1, 8, 0, 0, 0.10%, 0, 9, 3, 228.42
1429501175, 66, 2, 8, 0, 0, 0.10%, 0, 9, 3, 230.77
1429501217, 66, 3, 8, 0, 0, 0.10%, 0, 9, 3, 229.24
1429501237, 66, 4, 8, 0, 0, 0.10%, 0, 9, 3, 230.80
1429501257, 66, 5, 8, 0, 0, 0.10%, 0, 9, 3, 228.10
1429501273, 66, 6, 8, 0, 0, 0.10%, 0, 9, 3, 230.68
1429501329, 66, 7, 8, 0, 0, 0.10%, 0, 9, 3, 228.50
1429501370, 67, 0, 8, 0, 0, 0.10%, 0, 9, 3, 233.26
1429501391, 67, 1, 8, 0, 0, 0.10%, 0, 9, 3, 228.61
1429501426, 67, 2, 8, 0, 0, 0.10%, 0, 9, 3, 228.59
1429501468, 67, 3, 8, 0, 0, 0.10%, 0, 9, 3, 228.98
1429501493, 67, 4, 8, 0, 0, 0.10%, 0, 9, 3, 230.41
1429501514, 67, 5, 8, 0, 0, 0.10%, 0, 9, 3, 229.36
1429501529, 67, 6, 8, 0, 0, 0.10%, 0, 9, 3, 232.30
1429501590, 67, 7, 8, 0, 0, 0.10%, 0, 9, 3, 229.92
1429501631, 68, 0, 8, 0, 0, 0.10%, 0, 9, 3, 229.93
1429501652, 68, 1, 8, 0, 0, 0.10%, 0, 9, 3, 227.66
1429501688, 68, 2, 8, 0, 0, 0.10%, 0, 9, 3, 229.73
1429501729, 68, 3, 8, 0, 0, 0.10%, 0, 9, 3, 229.65
1429501750, 68, 4, 8, 0, 0, 0.10%, 0, 9, 3, 230.10
1429501770, 68, 5, 8, 0, 0, 0.10%, 0, 9, 3, 229.56
1429501786, 68, 6, 8, 0, 0, 0.10%, 0, 9, 3, 231.19
1429501853, 68, 7, 8, 0, 0, 0.10%, 0, 9, 3, 230.46
1429501889, 69, 0, 8, 0, 0, 0.10%, 0, 9, 3, 232.65
1429501909, 69, 1, 8, 0, 0, 0.10%, 0, 9, 3, 224.86
1429501950, 69, 2, 8, 0, 0, 0.10%, 0, 9, 3, 227.12
1429501991, 69, 3, 8, 0, 0, 0.10%, 0, 9, 3, 226.21
1429502012, 69, 4, 8, 0, 0, 0.10%, 0, 9, 3, 231.81
1429502033, 69, 5, 8, 0, 0, 0.10%, 0, 9, 3, 227.77
1429502048, 69, 6, 8, 0, 0, 0.10%, 0, 9, 3, 228.93
1429502100, 69, 7, 8, 0, 0, 0.10%, 0, 9, 3, 229.79
1429502146, 70, 0, 8, 0, 0, 0.10%, 0, 9, 3, 228.81
1429502167, 70, 1, 8, 0, 0, 0.10%, 0, 9, 3, 230.43
1429502208, 70, 2, 8, 0, 0, 0.10%, 0, 9, 3, 228.98
1429502254, 70, 3, 8, 0, 0, 0.10%, 0, 9, 3, 228.96
1429502274, 70, 4, 8, 0, 0, 0.10%, 0, 9, 3, 229.43
1429502300, 70, 5, 8, 0, 0, 0.10%, 0, 9, 3, 227.89
1429502315, 70, 6, 8, 0, 0, 0.10%, 0, 9, 3, 230.71
1429502367, 70, 7, 8, 0, 0, 0.10%, 0, 9, 3, 228.03
1429502403, 71, 0, 8, 0, 0, 0.10%, 0, 9, 3, 217.58
1429502434, 71, 1, 8, 0, 0, 0.10%, 0, 9, 3, 224.94
1429502475, 71, 2, 8, 0, 0, 0.10%, 0, 9, 3, 229.60
1429502527, 71, 3, 8, 0, 0, 0.10%, 0, 9, 3, 227.66
1429502547, 71, 4, 8, 0, 0, 0.10%, 0, 9, 3, 230.63
1429502568, 71, 5, 8, 0, 0, 0.10%, 0, 9, 3, 232.70
1429502588, 71, 6, 8, 0, 0, 0.10%, 0, 9, 3, 208.52
1429502660, 71, 7, 8, 0, 0, 0.10%, 0, 9, 3, 230.75
1429502691, 72, 0, 8, 0, 0, 0.10%, 0, 9, 3, 228.13
1429502711, 72, 1, 8, 0, 0, 0.10%, 0, 9, 3, 231.29
1429502752, 72, 2, 8, 0, 0, 0.10%, 0, 9, 3, 229.16
1429502799, 72, 3, 8, 0, 0, 0.10%, 0, 9, 3, 231.83
1429502819, 72, 4, 8, 0, 0, 0.10%, 0, 9, 3, 226.54
1429502845, 72, 5, 8, 0, 0, 0.10%, 0, 9, 3, 223.61
1429502860, 72, 6, 8, 0, 0, 0.10%, 0, 9, 3, 230.25
1429502917, 72, 7, 8, 0, 0, 0.10%, 0, 9, 3, 229.54
1429502968, 73, 0, 8, 0, 0, 0.10%, 0, 9, 3, 231.32
1429502989, 73, 1, 8, 0, 0, 0.10%, 0, 9, 3, 229.51
1429503020, 73, 2, 8, 0, 0, 0.10%, 0, 9, 3, 230.39
1429503056, 73, 3, 8, 0, 0, 0.10%, 0, 9, 3, 230.65
1429503077, 73, 4, 8, 0, 0, 0.10%, 0, 9, 3, 231.74
1429503103, 73, 5, 8, 0, 0, 0.10%, 0, 9, 3, 230.78
1429503118, 73, 6, 8, 0, 0, 0.10%, 0, 9, 3, 228.19
1429503164, 73, 7, 8, 0, 0, 0.10%, 0, 9, 3, 231.26
1429503205, 74, 0, 8, 0, 0, 0.10%, 0, 9, 3, 225.29
1429503226, 74, 1, 8, 0, 0, 0.10%, 0, 9, 3, 230.34
1429503267, 74, 2, 8, 0, 0, 0.10%, 0, 9, 3, 228.05
1429503313, 74, 3, 8, 0, 0, 0.10%, 0, 9, 3, 229.80
1429503339, 74, 4, 8, 0, 0, 0.10%, 0, 9, 3, 233.73
1429503359, 74, 5, 8, 0, 0, 0.10%, 0, 9, 3, 231.72
1429503375, 74, 6, 8, 0, 0, 0.10%, 0, 9, 3, 231.04
1429503421, 74, 7, 8, 0, 0, 0.10%, 0, 9, 3, 229.25
1429503457, 75, 0, 8, 0, 0, 0.10%, 0, 9, 3, 227.92
1429503483, 75, 1, 8, 0, 0, 0.10%, 0, 9, 3, 230.28
1429503519, 75, 2, 8, 0, 0, 0.10%, 0, 9, 3, 230.08
1429503555, 75, 3, 8, 0, 0, 0.10%, 0, 9, 3, 230.02
1429503580, 75, 4, 8, 0, 0, 0.10%, 0, 9, 3, 231.94
1429503601, 75, 5, 8, 0, 0, 0.10%, 0, 9, 3, 231.53
1429503616, 75, 6, 8, 0, 0, 0.10%, 0, 9, 3, 230.73
1429503683, 75, 7, 8, 0, 0, 0.10%, 0, 9, 3, 230.74
1429503729, 76, 0, 8, 0, 0, 0.10%, 0, 9, 3, 231.87
1429503749, 76, 1, 8, 0, 0, 0.10%, 0, 9, 3, 231.09
1429503790, 76, 2, 8, 0, 0, 0.10%, 0, 9, 3, 229.32
1429503837, 76, 3, 8, 0, 0, 0.10%, 0, 9, 3, 229.75
1429503857, 76, 4, 8, 0, 0, 0.10%, 0, 9, 3, 230.89
1429503878, 76, 5, 8, 0, 0, 0.10%, 0, 9, 3, 230.43
1429503893, 76, 6, 8, 0, 0, 0.10%, 0, 9, 3, 227.83
1429503961, 76, 7, 8, 0, 0, 0.10%, 0, 9, 3, 228.74
1429504001, 77, 0, 8, 0, 0, 0.10%, 0, 9, 3, 230.91
1429504022, 77, 1, 8, 0, 0, 0.10%, 0, 9, 3, 231.01
1429504058, 77, 2, 8, 0, 0, 0.10%, 0, 9, 3, 232.77
1429504099, 77, 3, 8, 0, 0, 0.10%, 0, 9, 3, 227.18
1429504124, 77, 4, 8, 0, 0, 0.10%, 0, 9, 3, 231.52
1429504145, 77, 5, 8, 0, 0, 0.10%, 0, 9, 3, 227.44
1429504160, 77, 6, 8, 0, 0, 0.10%, 0, 9, 3, 230.87
1429504233, 77, 7, 8, 0, 0, 0.10%, 0, 9, 3, 230.74
1429504284, 78, 0, 8, 0, 0, 0.10%, 0, 9, 3, 226.25
1429504305, 78, 1, 8, 0, 0, 0.10%, 0, 9, 3, 230.87
1429504351, 78, 2, 8, 0, 0, 0.10%, 0, 9, 3, 227.60
1429504387, 78, 3, 8, 0, 0, 0.10%, 0, 9, 3, 227.91
1429504407, 78, 4, 8, 0, 0, 0.10%, 0, 9, 3, 228.94
1429504428, 78, 5, 8, 0, 0, 0.10%, 0, 9, 3, 233.39
1429504449, 78, 6, 8, 0, 0, 0.10%, 0, 9, 3, 230.64
1429504510, 78, 7, 8, 0, 0, 0.10%, 0, 9, 3, 229.00
1429504546, 79, 0, 8, 0, 0, 0.10%, 0, 9, 3, 229.65
1429504567, 79, 1, 8, 0, 0, 0.10%, 0, 9, 3, 232.40
1429504603, 79, 2, 8, 0, 0, 0.10%, 0, 9, 3, 231.25
1429504650, 79, 3, 8, 0, 0, 0.10%, 0, 9, 3, 232.00
1429504670, 79, 4, 8, 0, 0, 0.10%, 0, 9, 3, 231.45
1429504696, 79, 5, 8, 0, 0, 0.10%, 0, 9, 3, 229.44
1429504711, 79, 6, 8, 0, 0, 0.10%, 0, 9, 3, 229.26
1429504772, 79, 7, 8, 0, 0, 0.10%, 0, 9, 3, 231.06
1429504808, 80, 0, 8, 0, 0, 0.10%, 0, 9, 3, 229.61
1429504829, 80, 1, 8, 0, 0, 0.10%, 0, 9, 3, 231.01
1429504870, 80, 2, 8, 0, 0, 0.10%, 0, 9, 3, 226.83
1429504911, 80, 3, 8, 0, 0, 0.10%, 0, 9, 3, 231.09
1429504932, 80, 4, 8, 0, 0, 0.10%, 0, 9, 3, 231.75
1429504952, 80, 5, 8, 0, 0, 0.10%, 0, 9, 3, 230.38
1429504968, 80, 6, 8, 0, 0, 0.10%, 0, 9, 3, 231.35
1429505040, 80, 7, 8, 0, 0, 0.10%, 0, 9, 3, 232.45
1429505076, 81, 0, 8, 0, 0, 0.10%, 0, 9, 3, 228.75
1429505096, 81, 1, 8, 0, 0, 0.10%, 0, 9, 3, 228.46
1429505132, 81, 2, 8, 0, 0, 0.10%, 0, 9, 3, 229.83
1429505179, 81, 3, 8, 0, 0, 0.10%, 0, 9, 3, 228.80
1429505200, 81, 4, 8, 0, 0, 0.10%, 0, 9, 3, 228.01
1429505220, 81, 5, 8, 0, 0, 0.10%, 0, 9, 3, 228.07
1429505241, 81, 6, 8, 0, 0, 0.10%, 0, 9, 3, 230.78
1429505297, 81, 7, 8, 0, 0, 0.10%, 0, 9, 3, 227.83
1429505344, 82, 0, 8, 0, 0, 0.10%, 0, 9, 3, 227.76
1429505364, 82, 1, 8, 0, 0, 0.10%, 0, 9, 3, 227.37
1429505400, 82, 2, 8, 0, 0, 0.10%, 0, 9, 3, 226.16
1429505436, 82, 3, 8, 0, 0, 0.10%, 0, 9, 3, 230.39
1429505457, 82, 4, 8, 0, 0, 0.10%, 0, 9, 3, 229.00
1429505477, 82, 5, 8, 0, 0, 0.10%, 0, 9, 3, 228.82
1429505492, 82, 6, 8, 0, 0, 0.10%, 0, 9, 3, 230.12
1429505554, 82, 7, 8, 0, 0, 0.10%, 0, 9, 3, 227.01
1429505590, 83, 0, 8, 0, 0, 0.10%, 0, 9, 3, 230.30
1429505611, 83, 1, 8, 0, 0, 0.10%, 0, 9, 3, 231.87
1429505662, 83, 2, 8, 0, 0, 0.10%, 0, 9, 3, 229.25
1429505698, 83, 3, 8, 0, 0, 0.10%, 0, 9, 3, 228.28
1429505723, 83, 4, 8, 0, 0, 0.10%, 0, 9, 3, 222.96
1429505744, 83, 5, 8, 0, 0, 0.10%, 0, 9, 3, 230.86
1429505759, 83, 6, 8, 0, 0, 0.10%, 0, 9, 3, 231.36
1429505816, 83, 7, 8, 0, 0, 0.10%, 0, 9, 3, 228.72
1429505857, 84, 0, 8, 0, 0, 0.10%, 0, 9, 3, 229.81
1429505883, 84, 1, 8, 0, 0, 0.10%, 0, 9, 3, 229.93
1429505929, 84, 2, 8, 0, 0, 0.10%, 0, 9, 3, 229.94
1429505976, 84, 3, 8, 0, 0, 0.10%, 0, 9, 3, 232.76
1429505996, 84, 4, 8, 0, 0, 0.10%, 0, 9, 3, 208.91
1429506022, 84, 5, 8, 0, 0, 0.10%, 0, 9, 3, 179.71
1429506042, 84, 6, 8, 0, 0, 0.10%, 0, 9, 3, 224.80
1429506109, 84, 7, 8, 0, 0, 0.10%, 0, 9, 3, 229.47
1429506150, 85, 0, 8, 0, 0, 0.10%, 0, 9, 3, 228.92
1429506170, 85, 1, 8, 0, 0, 0.10%, 0, 9, 3, 230.10
1429506211, 85, 2, 8, 0, 0, 0.10%, 0, 9, 3, 228.85
1429506257, 85, 3, 8, 0, 0, 0.10%, 0, 9, 3, 227.13
1429506278, 85, 4, 8, 0, 0, 0.10%, 0, 9, 3, 231.04
1429506298, 85, 5, 8, 0, 0, 0.10%, 0, 9, 3, 226.44
1429506319, 85, 6, 8, 0, 0, 0.10%, 0, 9, 3, 228.01
1429506381, 85, 7, 8, 0, 0, 0.10%, 0, 9, 3, 230.64
1429506417, 86, 0, 8, 0, 0, 0.10%, 0, 9, 3, 231.15
1429506437, 86, 1, 8, 0, 0, 0.10%, 0, 9, 3, 230.48
1429506473, 86, 2, 8, 0, 0, 0.10%, 0, 9, 3, 232.84
1429506514, 86, 3, 8, 0, 0, 0.10%, 0, 9, 3, 227.79
1429506540, 86, 4, 8, 0, 0, 0.10%, 0, 9, 3, 232.12
1429506560, 86, 5, 8, 0, 0, 0.10%, 0, 9, 3, 231.00
1429506576, 86, 6, 8, 0, 0, 0.10%, 0, 9, 3, 228.13
1429506642, 86, 7, 8, 0, 0, 0.10%, 0, 9, 3, 232.21
1429506689, 87, 0, 8, 0, 0, 0.10%, 0, 9, 3, 228.93
1429506709, 87, 1, 8, 0, 0, 0.10%, 0, 9, 3, 230.34
1429506745, 87, 2, 8, 0, 0, 0.10%, 0, 9, 3, 224.66
1429506787, 87, 3, 8, 0, 0, 0.10%, 0, 9, 3, 229.94
1429506807, 87, 4, 8, 0, 0, 0.10%, 0, 9, 3, 222.30
1429506833, 87, 5, 8, 0, 0, 0.10%, 0, 9, 3, 231.82
1429506848, 87, 6, 8, 0, 0, 0.10%, 0, 9, 3, 229.86
1429506905, 87, 7, 8, 0, 0, 0.10%, 0, 9, 3, 228.39
1429506946, 88, 0, 8, 0, 0, 0.10%, 0, 9, 3, 225.13
1429506972, 88, 1, 8, 0, 0, 0.10%, 0, 9, 3, 226.54
1429507008, 88, 2, 8, 0, 0, 0.10%, 0, 9, 3, 228.75
1429507049, 88, 3, 8, 0, 0, 0.10%, 0, 9, 3, 229.96
1429507069, 88, 4, 8, 0, 0, 0.10%, 0, 9, 3, 230.90
1429507090, 88, 5, 8, 0, 0, 0.10%, 0, 9, 3, 230.02
1429507106, 88, 6, 8, 0, 0, 0.10%, 0, 9, 3, 227.52
1429507167, 88, 7, 8, 0, 0, 0.10%, 0, 9, 3, 223.71
1429507203, 89, 0, 8, 0, 0, 0.10%, 0, 9, 3, 231.68
1429507223, 89, 1, 8, 0, 0, 0.10%, 0, 9, 3, 230.83
1429507269, 89, 2, 8, 0, 0, 0.10%, 0, 9, 3, 226.90
1429507311, 89, 3, 8, 0, 0, 0.10%, 0, 9, 3, 228.85
1429507331, 89, 4, 8, 0, 0, 0.10%, 0, 9, 3, 225.81
1429507352, 89, 5, 8, 0, 0, 0.10%, 0, 9, 3, 226.91
1429507367, 89, 6, 8, 0, 0, 0.10%, 0, 9, 3, 223.70
1429507429, 89, 7, 8, 0, 0, 0.10%, 0, 9, 3, 230.18
1429507470, 90, 0, 8, 0, 0, 0.10%, 0, 9, 3, 227.31
1429507490, 90, 1, 8, 0, 0, 0.10%, 0, 9, 3, 230.65
1429507531, 90, 2, 8, 0, 0, 0.10%, 0, 9, 3, 225.61
1429507562, 90, 3, 8, 0, 0, 0.10%, 0, 9, 3, 231.96
1429507588, 90, 4, 8, 0, 0, 0.10%, 0, 9, 3, 227.31
1429507608, 90, 5, 8, 0, 0, 0.10%, 0, 9, 3, 228.09
1429507624, 90, 6, 8, 0, 0, 0.10%, 0, 9, 3, 230.21
1429507686, 90, 7, 8, 0, 0, 0.10%, 0, 9, 3, 230.72
1429507727, 91, 0, 8, 0, 0, 0.10%, 0, 9, 3, 226.48
1429507753, 91, 1, 8, 0, 0, 0.10%, 0, 9, 3, 229.82
1429507794, 91, 2, 8, 0, 0, 0.10%, 0, 9, 3, 230.88
1429507835, 91, 3, 8, 0, 0, 0.10%, 0, 9, 3, 230.50
1429507855, 91, 4, 8, 0, 0, 0.10%, 0, 9, 3, 231.24
1429507875, 91, 5, 8, 0, 0, 0.10%, 0, 9, 3, 228.72
1429507896, 91, 6, 8, 0, 0, 0.10%, 0, 9, 3, 229.93
1429507952, 91, 7, 8, 0, 0, 0.10%, 0, 9, 3, 227.70
1429507994, 92, 0, 8, 0, 0, 0.10%, 0, 9, 3, 228.38
1429508019, 92, 1, 8, 0, 0, 0.10%, 0, 9, 3, 221.96
1429508060, 92, 2, 8, 0, 0, 0.10%, 0, 9, 3, 230.41
1429508096, 92, 3, 8, 0, 0, 0.10%, 0, 9, 3, 229.49
1429508117, 92, 4, 8, 0, 0, 0.10%, 0, 9, 3, 229.99
1429508143, 92, 5, 8, 0, 0, 0.10%, 0, 9, 3, 229.04
1429508158, 92, 6, 8, 0, 0, 0.10%, 0, 9, 3, 228.29
1429508204, 92, 7, 8, 0, 0, 0.10%, 0, 9, 3, 226.66
1429508235, 93, 0, 8, 0, 0, 0.10%, 0, 9, 3, 231.52
1429508261, 93, 1, 8, 0, 0, 0.10%, 0, 9, 3, 229.16
1429508302, 93, 2, 8, 0, 0, 0.10%, 0, 9, 3, 228.05
1429508338, 93, 3, 8, 0, 0, 0.10%, 0, 9, 3, 229.29
1429508363, 93, 4, 8, 0, 0, 0.10%, 0, 9, 3, 230.10
1429508384, 93, 5, 8, 0, 0, 0.10%, 0, 9, 3, 232.05
1429508399, 93, 6, 8, 0, 0, 0.10%, 0, 9, 3, 231.35
1429508456, 93, 7, 8, 0, 0, 0.10%, 0, 9, 3, 229.46
1429508497, 94, 0, 8, 0, 0, 0.10%, 0, 9, 3, 227.50
1429508518, 94, 1, 8, 0, 0, 0.10%, 0, 9, 3, 228.41
1429508559, 94, 2, 8, 0, 0, 0.10%, 0, 9, 3, 231.01
1429508600, 94, 3, 8, 0, 0, 0.10%, 0, 9, 3, 228.29
1429508620, 94, 4, 8, 0, 0, 0.10%, 0, 9, 3, 228.32
1429508641, 94, 5, 8, 0, 0, 0.10%, 0, 9, 3, 230.20
1429508657, 94, 6, 8, 0, 0, 0.10%, 0, 9, 3, 230.13
1429508708, 94, 7, 8, 0, 0, 0.10%, 0, 9, 3, 230.78
1429508754, 95, 0, 8, 0, 0, 0.10%, 0, 9, 3, 230.67
1429508774, 95, 1, 8, 0, 0, 0.10%, 0, 9, 3, 230.98
1429508816, 95, 2, 8, 0, 0, 0.10%, 0, 9, 3, 229.88
1429508856, 95, 3, 8, 0, 0, 0.10%, 0, 9, 3, 225.33
1429508882, 95, 4, 8, 0, 0, 0.10%, 0, 9, 3, 221.58
1429508903, 95, 5, 8, 0, 0, 0.10%, 0, 9, 3, 226.88
1429508918, 95, 6, 8, 0, 0, 0.10%, 0, 9, 3, 230.16
1429508980, 95, 7, 8, 0, 0, 0.10%, 0, 9, 3, 228.84
1429509010, 96, 0, 8, 0, 0, 0.10%, 0, 9, 3, 225.15
1429509031, 96, 1, 8, 0, 0, 0.10%, 0, 9, 3, 227.74
1429509083, 96, 2, 8, 0, 0, 0.10%, 0, 9, 3, 226.83
1429509123, 96, 3, 8, 0, 0, 0.10%, 0, 9, 3, 224.02
1429509144, 96, 4, 8, 0, 0, 0.10%, 0, 9, 3, 228.68
1429509170, 96, 5, 8, 0, 0, 0.10%, 0, 9, 3, 225.57
1429509185, 96, 6, 8, 0, 0, 0.10%, 0, 9, 3, 230.81
1429509242, 96, 7, 8, 0, 0, 0.10%, 0, 9, 3, 225.03
1429509288, 97, 0, 8, 0, 0, 0.10%, 0, 9, 3, 229.94
1429509308, 97, 1, 8, 0, 0, 0.10%, 0, 9, 3, 225.44
1429509344, 97, 2, 8, 0, 0, 0.10%, 0, 9, 3, 228.01
1429509381, 97, 3, 8, 0, 0, 0.10%, 0, 9, 3, 229.41
1429509401, 97, 4, 8, 0, 0, 0.10%, 0, 9, 3, 230.89
1429509422, 97, 5, 8, 0, 0, 0.10%, 0, 9, 3, 228.16
1429509442, 97, 6, 8, 0, 0, 0.10%, 0, 9, 3, 228.11
1429509499, 97, 7, 8, 0, 0, 0.10%, 0, 9, 3, 228.23
1429509540, 98, 0, 8, 0, 0, 0.10%, 0, 9, 3, 231.11
1429509560, 98, 1, 8, 0, 0, 0.10%, 0, 9, 3, 229.74
1429509611, 98, 2, 8, 0, 0, 0.10%, 0, 9, 3, 217.25
1429509663, 98, 3, 8, 0, 0, 0.10%, 0, 9, 3, 230.78
1429509683, 98, 4, 8, 0, 0, 0.10%, 0, 9, 3, 230.23
1429509704, 98, 5, 8, 0, 0, 0.10%, 0, 9, 3, 231.42
1429509724, 98, 6, 8, 0, 0, 0.10%, 0, 9, 3, 229.47
1429509781, 98, 7, 8, 0, 0, 0.10%, 0, 9, 3, 213.23
1429509832, 99, 0, 8, 0, 0, 0.10%, 0, 9, 3, 228.49
1429509853, 99, 1, 8, 0, 0, 0.10%, 0, 9, 3, 222.36
1429509899, 99, 2, 8, 0, 0, 0.10%, 0, 9, 3, 225.77
1429509940, 99, 3, 8, 0, 0, 0.10%, 0, 9, 3, 228.54
1429509966, 99, 4, 8, 0, 0, 0.10%, 0, 9, 3, 227.17
1429509987, 99, 5, 8, 0, 0, 0.10%, 0, 9, 3, 227.21
1429510002, 99, 6, 8, 0, 0, 0.10%, 0, 9, 3, 220.63
1429510054, 99, 7, 8, 0, 0, 0.10%, 0, 9, 3, 226.42
1429510095, 100, 0, 8, 0, 0, 0.10%, 0, 9, 3, 231.05
1429510115, 100, 1, 8, 0, 0, 0.10%, 0, 9, 3, 228.99
1429510161, 100, 2, 8, 0, 0, 0.10%, 0, 9, 3, 225.54
1429510197, 100, 3, 8, 0, 0, 0.10%, 0, 9, 3, 227.43
1429510218, 100, 4, 8, 0, 0, 0.10%, 0, 9, 3, 229.72
1429510244, 100, 5, 8, 0, 0, 0.10%, 0, 9, 3, 228.50
1429510259, 100, 6, 8, 0, 0, 0.10%, 0, 9, 3, 231.37
1429510306, 100, 7, 8, 0, 0, 0.10%, 0, 9, 3, 227.50
1429510352, 101, 0, 8, 0, 0, 0.10%, 0, 9, 3, 225.40
1429510373, 101, 1, 8, 0, 0, 0.10%, 0, 9, 3, 229.63
1429510409, 101, 2, 8, 0, 0, 0.10%, 0, 9, 3, 228.19
1429510451, 101, 3, 8, 0, 0, 0.10%, 0, 9, 3, 227.05
1429510471, 101, 4, 8, 0, 0, 0.10%, 0, 9, 3, 225.65
1429510492, 101, 5, 8, 0, 0, 0.10%, 0, 9, 3, 228.93
1429510507, 101, 6, 8, 0, 0, 0.10%, 0, 9, 3, 228.41
1429510569, 101, 7, 8, 0, 0, 0.10%, 0, 9, 3, 225.25
1429510615, 102, 0, 8, 0, 0, 0.10%, 0, 9, 3, 228.54
1429510636, 102, 1, 8, 0, 0, 0.10%, 0, 9, 3, 226.60
1429510677, 102, 2, 8, 0, 0, 0.10%, 0, 9, 3, 228.44
1429510713, 102, 3, 8, 0, 0, 0.10%, 0, 9, 3, 229.35
1429510734, 102, 4, 8, 0, 0, 0.10%, 0, 9, 3, 229.16
1429510759, 102, 5, 8, 0, 0, 0.10%, 0, 9, 3, 230.99
1429510775, 102, 6, 8, 0, 0, 0.10%, 0, 9, 3, 228.35
1429510837, 102, 7, 8, 0, 0, 0.10%, 0, 9, 3, 223.52
1429510878, 103, 0, 8, 0, 0, 0.10%, 0, 9, 3, 233.61
1429510898, 103, 1, 8, 0, 0, 0.10%, 0, 9, 3, 231.16
1429510944, 103, 2, 8, 0, 0, 0.10%, 0, 9, 3, 229.02
1429510991, 103, 3, 8, 0, 0, 0.10%, 0, 9, 3, 229.29
1429511011, 103, 4, 8, 0, 0, 0.10%, 0, 9, 3, 230.32
1429511032, 103, 5, 8, 0, 0, 0.10%, 0, 9, 3, 227.94
1429511048, 103, 6, 8, 0, 0, 0.10%, 0, 9, 3, 229.57
1429511099, 103, 7, 8, 0, 0, 0.10%, 0, 9, 3, 228.37
1429511135, 104, 0, 8, 0, 0, 0.10%, 0, 9, 3, 229.71
1429511161, 104, 1, 8, 0, 0, 0.10%, 0, 9, 3, 228.34
1429511197, 104, 2, 8, 0, 0, 0.10%, 0, 9, 3, 228.56
1429511232, 104, 3, 8, 0, 0, 0.10%, 0, 9, 3, 227.18
1429511253, 104, 4, 8, 0, 0, 0.10%, 0, 9, 3, 231.77
1429511273, 104, 5, 8, 0, 0, 0.10%, 0, 9, 3, 228.88
1429511289, 104, 6, 8, 0, 0, 0.10%, 0, 9, 3, 232.38
1429511356, 104, 7, 8, 0, 0, 0.10%, 0, 9, 3, 228.08
1429511392, 105, 0, 8, 0, 0, 0.10%, 0, 9, 3, 229.16
1429511413, 105, 1, 8, 0, 0, 0.10%, 0, 9, 3, 229.59
1429511454, 105, 2, 8, 0, 0, 0.10%, 0, 9, 3, 228.09
1429511495, 105, 3, 8, 0, 0, 0.10%, 0, 9, 3, 230.95
1429511521, 105, 4, 8, 0, 0, 0.10%, 0, 9, 3, 230.00
1429511541, 105, 5, 8, 0, 0, 0.10%, 0, 9, 3, 230.47
1429511557, 105, 6, 8, 0, 0, 0.10%, 0, 9, 3, 229.82
1429511629, 105, 7, 8, 0, 0, 0.10%, 0, 9, 3, 227.61
1429511670, 106, 0, 8, 0, 0, 0.10%, 0, 9, 3, 232.80
1429511690, 106, 1, 8, 0, 0, 0.10%, 0, 9, 3, 225.65
1429511731, 106, 2, 8, 0, 0, 0.10%, 0, 9, 3, 226.66
1429511772, 106, 3, 8, 0, 0, 0.10%, 0, 9, 3, 223.50
1429511793, 106, 4, 8, 0, 0, 0.10%, 0, 9, 3, 231.32
1429511813, 106, 5, 8, 0, 0, 0.10%, 0, 9, 3, 230.46
1429511828, 106, 6, 8, 0, 0, 0.10%, 0, 9, 3, 228.85
1429511890, 106, 7, 8, 0, 0, 0.10%, 0, 9, 3, 227.77
1429511926, 107, 0, 8, 0, 0, 0.10%, 0, 9, 3, 227.31
1429511947, 107, 1, 8, 0, 0, 0.10%, 0, 9, 3, 229.09
1429511993, 107, 2, 8, 0, 0, 0.10%, 0, 9, 3, 223.39
1429512024, 107, 3, 8, 0, 0, 0.10%, 0, 9, 3, 233.10
1429512045, 107, 4, 8, 0, 0, 0.10%, 0, 9, 3, 232.97
1429512071, 107, 5, 8, 0, 0, 0.10%, 0, 9, 3, 231.83
1429512086, 107, 6, 8, 0, 0, 0.10%, 0, 9, 3, 230.24
1429512132, 107, 7, 8, 0, 0, 0.10%, 0, 9, 3, 227.01
1429512174, 108, 0, 8, 0, 0, 0.10%, 0, 9, 3, 229.16
1429512200, 108, 1, 8, 0, 0, 0.10%, 0, 9, 3, 230.19
1429512231, 108, 2, 8, 0, 0, 0.10%, 0, 9, 3, 230.13
1429512282, 108, 3, 8, 0, 0, 0.10%, 0, 9, 3, 231.40
1429512302, 108, 4, 8, 0, 0, 0.10%, 0, 9, 3, 228.08
1429512323, 108, 5, 8, 0, 0, 0.10%, 0, 9, 3, 229.40
1429512338, 108, 6, 8, 0, 0, 0.10%, 0, 9, 3, 229.88
1429512395, 108, 7, 8, 0, 0, 0.10%, 0, 9, 3, 230.20
1429512431, 109, 0, 8, 0, 0, 0.10%, 0, 9, 3, 230.34
1429512457, 109, 1, 8, 0, 0, 0.10%, 0, 9, 3, 227.05
1429512498, 109, 2, 8, 0, 0, 0.10%, 0, 9, 3, 229.14
1429512544, 109, 3, 8, 0, 0, 0.10%, 0, 9, 3, 228.18
1429512565, 109, 4, 8, 0, 0, 0.10%, 0, 9, 3, 231.86
1429512585, 109, 5, 8, 0, 0, 0.10%, 0, 9, 3, 230.88
1429512606, 109, 6, 8, 0, 0, 0.10%, 0, 9, 3, 227.23
1429512657, 109, 7, 8, 0, 0, 0.10%, 0, 9, 3, 229.17
1429512698, 110, 0, 8, 0, 0, 0.10%, 0, 9, 3, 230.65
1429512719, 110, 1, 8, 0, 0, 0.10%, 0, 9, 3, 228.85
1429512765, 110, 2, 8, 0, 0, 0.10%, 0, 9, 3, 228.34
1429512806, 110, 3, 8, 0, 0, 0.10%, 0, 9, 3, 213.52
1429512832, 110, 4, 8, 0, 0, 0.10%, 0, 9, 3, 208.00
1429512857, 110, 5, 8, 0, 0, 0.10%, 0, 9, 3, 189.90
1429512878, 110, 6, 8, 0, 0, 0.10%, 0, 9, 3, 207.86
1429512944, 110, 7, 8, 0, 0, 0.10%, 0, 9, 3, 230.22
1429512980, 111, 0, 8, 0, 0, 0.10%, 0, 9, 3, 228.17
1429513001, 111, 1, 8, 0, 0, 0.10%, 0, 9, 3, 228.89
1429513042, 111, 2, 8, 0, 0, 0.10%, 0, 9, 3, 228.84
1429513083, 111, 3, 8, 0, 0, 0.10%, 0, 9, 3, 228.21
1429513104, 111, 4, 8, 0, 0, 0.10%, 0, 9, 3, 233.52
1429513124, 111, 5, 8, 0, 0, 0.10%, 0, 9, 3, 231.58
1429513140, 111, 6, 8, 0, 0, 0.10%, 0, 9, 3, 229.58
1429513197, 111, 7, 8, 0, 0, 0.10%, 0, 9, 3, 233.08
1429513248, 112, 0, 8, 0, 0, 0.10%, 0, 9, 3, 216.95
1429513268, 112, 1, 8, 0, 0, 0.10%, 0, 9, 3, 228.25
1429513304, 112, 2, 8, 0, 0, 0.10%, 0, 9, 3, 229.67
1429513340, 112, 3, 8, 0, 0, 0.10%, 0, 9, 3, 229.88
1429513366, 112, 4, 8, 0, 0, 0.10%, 0, 9, 3, 228.36
1429513386, 112, 5, 8, 0, 0, 0.10%, 0, 9, 3, 210.09
1429513402, 112, 6, 8, 0, 0, 0.10%, 0, 9, 3, 229.85
1429513484, 112, 7, 8, 0, 0, 0.10%, 0, 9, 3, 228.11
1429513525, 113, 0, 8, 0, 0, 0.10%, 0, 9, 3, 227.91
1429513546, 113, 1, 8, 0, 0, 0.10%, 0, 9, 3, 228.97
1429513582, 113, 2, 8, 0, 0, 0.10%, 0, 9, 3, 228.06
1429513623, 113, 3, 8, 0, 0, 0.10%, 0, 9, 3, 230.09
1429513643, 113, 4, 8, 0, 0, 0.10%, 0, 9, 3, 229.40
1429513664, 113, 5, 8, 0, 0, 0.10%, 0, 9, 3, 228.28
1429513685, 113, 6, 8, 0, 0, 0.10%, 0, 9, 3, 227.48
1429513736, 113, 7, 8, 0, 0, 0.10%, 0, 9, 3, 228.48
1429513772, 114, 0, 8, 0, 0, 0.10%, 0, 9, 3, 227.74
1429513793, 114, 1, 8, 0, 0, 0.10%, 0, 9, 3, 230.35
1429513844, 114, 2, 8, 0, 0, 0.10%, 0, 9, 3, 227.02
1429513890, 114, 3, 8, 0, 0, 0.10%, 0, 9, 3, 229.40
1429513911, 114, 4, 8, 0, 0, 0.10%, 0, 9, 3, 227.22
1429513937, 114, 5, 8, 0, 0, 0.10%, 0, 9, 3, 231.48
1429513952, 114, 6, 8, 0, 0, 0.10%, 0, 9, 3, 229.59
1429513999, 114, 7, 8, 0, 0, 0.10%, 0, 9, 3, 228.65
1429514039, 115, 0, 8, 0, 0, 0.10%, 0, 9, 3, 229.96
1429514060, 115, 1, 8, 0, 0, 0.10%, 0, 9, 3, 230.01
1429514101, 115, 2, 8, 0, 0, 0.10%, 0, 9, 3, 225.32
1429514142, 115, 3, 8, 0, 0, 0.10%, 0, 9, 3, 232.39
1429514162, 115, 4, 8, 0, 0, 0.10%, 0, 9, 3, 228.60
1429514183, 115, 5, 8, 0, 0, 0.10%, 0, 9, 3, 228.50
1429514199, 115, 6, 8, 0, 0, 0.10%, 0, 9, 3, 225.70
1429514266, 115, 7, 8, 0, 0, 0.10%, 0, 9, 3, 228.75
1429514302, 116, 0, 8, 0, 0, 0.10%, 0, 9, 3, 229.02
1429514323, 116, 1, 8, 0, 0, 0.10%, 0, 9, 3, 228.31
1429514364, 116, 2, 8, 0, 0, 0.10%, 0, 9, 3, 230.46
1429514405, 116, 3, 8, 0, 0, 0.10%, 0, 9, 3, 228.79
1429514425, 116, 4, 8, 0, 0, 0.10%, 0, 9, 3, 225.51
1429514446, 116, 5, 8, 0, 0, 0.10%, 0, 9, 3, 229.93
1429514462, 116, 6, 8, 0, 0, 0.10%, 0, 9, 3, 229.07
1429514518, 116, 7, 8, 0, 0, 0.10%, 0, 9, 3, 231.77
1429514554, 117, 0, 8, 0, 0, 0.10%, 0, 9, 3, 228.08
1429514575, 117, 1, 8, 0, 0, 0.10%, 0, 9, 3, 227.62
1429514621, 117, 2, 8, 0, 0, 0.10%, 0, 9, 3, 230.94
1429514657, 117, 3, 8, 0, 0, 0.10%, 0, 9, 3, 228.88
1429514677, 117, 4, 8, 0, 0, 0.10%, 0, 9, 3, 229.64
1429514698, 117, 5, 8, 0, 0, 0.10%, 0, 9, 3, 228.85
1429514714, 117, 6, 8, 0, 0, 0.10%, 0, 9, 3, 228.22
1429514786, 117, 7, 8, 0, 0, 0.10%, 0, 9, 3, 228.27
1429514832, 118, 0, 8, 0, 0, 0.10%, 0, 9, 3, 229.36
1429514852, 118, 1, 8, 0, 0, 0.10%, 0, 9, 3, 230.43
1429514888, 118, 2, 8, 0, 0, 0.10%, 0, 9, 3, 227.77
1429514935, 118, 3, 8, 0, 0, 0.10%, 0, 9, 3, 227.45
1429514960, 118, 4, 8, 0, 0, 0.10%, 0, 9, 3, 228.55
1429514980, 118, 5, 8, 0, 0, 0.10%, 0, 9, 3, 232.13
1429514996, 118, 6, 8, 0, 0, 0.10%, 0, 9, 3, 228.23
1429515052, 118, 7, 8, 0, 0, 0.10%, 0, 9, 3, 226.73
1429515093, 119, 0, 8, 0, 0, 0.10%, 0, 9, 3, 229.84
1429515113, 119, 1, 8, 0, 0, 0.10%, 0, 9, 3, 232.56
1429515159, 119, 2, 8, 0, 0, 0.10%, 0, 9, 3, 230.03
1429515200, 119, 3, 8, 0, 0, 0.10%, 0, 9, 3, 229.81
1429515221, 119, 4, 8, 0, 0, 0.10%, 0, 9, 3, 231.64
1429515241, 119, 5, 8, 0, 0, 0.10%, 0, 9, 3, 229.23
1429515257, 119, 6, 8, 0, 0, 0.10%, 0, 9, 3, 229.47
1429515324, 119, 7, 8, 0, 0, 0.10%, 0, 9, 3, 231.31
1429515364, 120, 0, 8, 0, 0, 0.10%, 0, 9, 3, 226.95
1429515385, 120, 1, 8, 0, 0, 0.10%, 0, 9, 3, 230.99
1429515431, 120, 2, 8, 0, 0, 0.10%, 0, 9, 3, 228.47
1429515467, 120, 3, 8, 0, 0, 0.10%, 0, 9, 3, 230.53
1429515487, 120, 4, 8, 0, 0, 0.10%, 0, 9, 3, 227.17
1429515508, 120, 5, 8, 0, 0, 0.10%, 0, 9, 3, 230.40
1429515523, 120, 6, 8, 0, 0, 0.10%, 0, 9, 3, 229.49
1429515584, 120, 7, 8, 0, 0, 0.10%, 0, 9, 3, 231.29
1429515631, 121, 0, 8, 0, 0, 0.10%, 0, 9, 3, 229.02
1429515652, 121, 1, 8, 0, 0, 0.10%, 0, 9, 3, 229.23
1429516511, 121, 2, 8, 0, 0, 0.10%, 0, 9, 3, 221.77
