# unix_time, cycles_done, cur_path, paths_total, pending_total, pending_favs, map_size, unique_crashes, unique_hangs, max_depth, execs_per_sec
1429742609, 0, 0, 1, 1, 1, 0.11%, 0, 0, 1, 204.08
1429742614, 0, 0, 12, 12, 1, 0.16%, 0, 2, 2, 259.46
1429742619, 0, 0, 13, 13, 1, 0.16%, 0, 3, 2, 270.79
1429742624, 0, 0, 14, 14, 1, 0.17%, 0, 4, 2, 276.28
1429742629, 0, 0, 18, 18, 1, 0.20%, 0, 5, 2, 271.00
1429742634, 0, 0, 26, 26, 1, 0.20%, 0, 5, 2, 270.63
1429742639, 0, 0, 30, 30, 1, 0.20%, 0, 6, 2, 280.99
1429742645, 0, 0, 33, 33, 1, 0.20%, 0, 6, 2, 279.97
1429742655, 0, 0, 36, 36, 1, 0.20%, 0, 6, 2, 285.47
1429742660, 0, 0, 40, 40, 1, 0.20%, 0, 6, 2, 284.17
1429742665, 0, 0, 41, 41, 1, 0.20%, 0, 6, 2, 281.42
1429742670, 0, 0, 42, 42, 1, 0.20%, 1, 6, 2, 277.36
1429742676, 0, 0, 43, 43, 1, 0.20%, 1, 6, 2, 284.62
1429742681, 0, 0, 45, 45, 1, 0.21%, 1, 6, 2, 270.01
1429742696, 0, 0, 45, 45, 1, 0.21%, 2, 7, 2, 229.86
1429742706, 0, 0, 47, 47, 1, 0.22%, 2, 7, 2, 265.84
1429742716, 0, 0, 48, 48, 1, 0.22%, 2, 7, 2, 269.09
1429742742, 0, 0, 49, 49, 1, 0.22%, 2, 7, 2, 280.89
1429742747, 0, 0, 51, 51, 1, 0.23%, 2, 7, 2, 280.94
1429742752, 0, 0, 53, 53, 1, 0.24%, 2, 7, 2, 277.29
1429742767, 0, 0, 54, 54, 1, 0.24%, 2, 7, 2, 273.79
1429742777, 0, 0, 54, 54, 1, 0.24%, 2, 8, 2, 279.77
1429742793, 0, 0, 54, 54, 1, 0.24%, 2, 9, 2, 276.04
1429742803, 0, 0, 54, 54, 1, 0.24%, 3, 9, 2, 289.99
1429742813, 0, 0, 55, 55, 1, 0.25%, 3, 9, 2, 293.07
1429742834, 0, 0, 56, 56, 1, 0.25%, 3, 9, 2, 291.90
1429742844, 0, 0, 58, 58, 1, 0.31%, 3, 9, 2, 292.63
1429742875, 0, 0, 59, 59, 1, 0.31%, 3, 9, 2, 276.14
1429742900, 0, 0, 60, 60, 1, 0.31%, 3, 9, 2, 292.25
1429742905, 0, 0, 60, 60, 1, 0.31%, 4, 9, 2, 289.85
1429742921, 0, 0, 61, 61, 1, 0.31%, 4, 9, 2, 295.42
1429742931, 0, 0, 61, 61, 1, 0.31%, 5, 9, 2, 296.65
1429742936, 0, 0, 62, 62, 1, 0.32%, 5, 9, 2, 294.33
1429742946, 0, 0, 63, 63, 1, 0.32%, 6, 9, 2, 287.81
1429742951, 0, 0, 64, 64, 1, 0.32%, 6, 9, 2, 277.95
1429742971, 0, 0, 65, 65, 1, 0.32%, 6, 9, 2, 293.20
1429743012, 0, 0, 66, 66, 1, 0.32%, 6, 9, 2, 298.39
1429743032, 0, 0, 67, 67, 1, 0.32%, 6, 9, 2, 295.77
1429743088, 0, 0, 68, 68, 1, 0.32%, 6, 9, 2, 274.85
1429743113, 0, 0, 69, 69, 1, 0.32%, 6, 9, 2, 291.44
1429743148, 0, 0, 70, 70, 1, 0.33%, 6, 9, 2, 294.99
1429743153, 0, 0, 71, 71, 1, 0.33%, 6, 9, 2, 296.31
1429743199, 0, 4, 71, 70, 27, 0.33%, 6, 9, 2, 272.34
1429743205, 0, 4, 71, 70, 27, 0.33%, 6, 10, 2, 285.04
1429743236, 0, 4, 72, 71, 27, 0.33%, 6, 10, 3, 289.81
1429743256, 0, 5, 72, 70, 26, 0.33%, 6, 10, 3, 280.02
1429743272, 0, 5, 72, 70, 26, 0.33%, 7, 10, 3, 284.25
1429743292, 0, 6, 72, 69, 25, 0.33%, 7, 10, 3, 291.97
1429743312, 0, 6, 72, 69, 25, 0.33%, 8, 11, 3, 284.00
1429743328, 0, 6, 73, 70, 25, 0.33%, 8, 11, 3, 294.60
1429743348, 0, 6, 74, 71, 25, 0.33%, 8, 11, 3, 296.30
1429743384, 0, 9, 74, 70, 24, 0.33%, 8, 11, 3, 292.24
1429743399, 0, 9, 74, 70, 24, 0.33%, 9, 11, 3, 286.65
1429743420, 0, 9, 75, 71, 24, 0.33%, 9, 11, 3, 288.54
1429743440, 0, 11, 75, 70, 23, 0.33%, 9, 11, 3, 280.91
1429743451, 0, 11, 76, 71, 23, 0.34%, 9, 11, 3, 286.75
1429743456, 0, 11, 80, 75, 23, 0.38%, 11, 11, 3, 279.49
1429743476, 0, 11, 81, 76, 23, 0.38%, 11, 11, 3, 286.89
1429743497, 0, 14, 81, 75, 28, 0.38%, 11, 12, 3, 278.63
1429743517, 0, 14, 82, 76, 28, 0.38%, 11, 12, 3, 280.72
1429743527, 0, 14, 83, 77, 28, 0.38%, 11, 12, 3, 285.46
1429743553, 0, 14, 84, 78, 28, 0.38%, 11, 12, 3, 295.37
1429743659, 0, 15, 84, 77, 27, 0.38%, 11, 12, 3, 537.07
1429743670, 0, 15, 84, 77, 27, 0.38%, 12, 12, 3, 370.31
1429743675, 0, 15, 85, 78, 27, 0.38%, 12, 12, 3, 328.43
1429743700, 0, 16, 85, 77, 26, 0.38%, 12, 13, 3, 304.66
1429743725, 0, 16, 86, 78, 26, 0.38%, 12, 13, 3, 297.23
1429743751, 0, 17, 86, 77, 25, 0.38%, 12, 13, 3, 298.10
1429743756, 0, 17, 86, 77, 25, 0.38%, 12, 14, 3, 294.66
1429743787, 0, 26, 86, 76, 24, 0.38%, 12, 14, 3, 283.78
1429743833, 0, 33, 86, 75, 24, 0.38%, 12, 14, 3, 298.99
1429743853, 0, 44, 86, 74, 23, 0.38%, 12, 15, 3, 288.66
1429743874, 0, 44, 87, 75, 23, 0.39%, 12, 15, 3, 287.35
1429743884, 0, 44, 88, 76, 23, 0.40%, 12, 15, 3, 290.59
1429743910, 0, 45, 89, 76, 24, 0.40%, 12, 15, 3, 276.90
1429743915, 0, 45, 89, 76, 24, 0.40%, 12, 16, 3, 280.60
1429743925, 0, 45, 89, 76, 24, 0.40%, 13, 16, 3, 288.71
1429743930, 0, 45, 90, 77, 24, 0.40%, 13, 16, 3, 291.20
1429743966, 0, 46, 90, 76, 24, 0.40%, 14, 17, 3, 280.16
1429743986, 0, 47, 90, 75, 23, 0.40%, 14, 17, 3, 291.00
1429743996, 0, 47, 90, 75, 23, 0.40%, 14, 18, 3, 294.81
1429744017, 0, 48, 90, 74, 22, 0.40%, 14, 18, 3, 301.01
1429744037, 0, 49, 90, 73, 21, 0.40%, 14, 18, 3, 289.42
1429744063, 0, 49, 91, 74, 21, 0.40%, 14, 18, 3, 301.29
1429744083, 0, 50, 91, 73, 21, 0.40%, 14, 18, 3, 304.72
1429744103, 0, 51, 91, 72, 20, 0.40%, 14, 18, 3, 299.33
1429744108, 0, 51, 92, 73, 20, 0.40%, 14, 18, 3, 297.54
1429744145, 0, 52, 92, 72, 19, 0.40%, 14, 18, 3, 295.78
1429744160, 0, 54, 92, 71, 18, 0.40%, 14, 18, 3, 300.12
1429744180, 0, 55, 92, 70, 17, 0.40%, 14, 18, 3, 294.40
1429744201, 0, 56, 92, 69, 16, 0.40%, 14, 18, 3, 291.00
1429744226, 0, 57, 92, 68, 15, 0.40%, 14, 18, 3, 295.80
1429744231, 0, 57, 93, 69, 15, 0.40%, 14, 19, 3, 293.99
1429744237, 0, 57, 94, 70, 15, 0.40%, 14, 19, 3, 298.32
1429744268, 0, 59, 94, 69, 14, 0.40%, 14, 19, 3, 290.23
1429744288, 0, 60, 94, 68, 13, 0.40%, 14, 19, 3, 302.18
1429744308, 0, 61, 94, 67, 12, 0.40%, 14, 19, 3, 299.43
1429744339, 0, 61, 95, 68, 12, 0.40%, 14, 19, 3, 290.98
1429744359, 0, 65, 95, 67, 12, 0.40%, 14, 20, 3, 289.62
1429744380, 0, 69, 95, 66, 11, 0.40%, 14, 20, 3, 291.22
1429744395, 0, 75, 95, 65, 10, 0.40%, 14, 20, 3, 294.05
1429744405, 0, 75, 95, 65, 10, 0.40%, 14, 21, 3, 287.54
1429744411, 0, 75, 96, 66, 10, 0.40%, 15, 21, 4, 289.38
1429744416, 0, 75, 97, 67, 10, 0.40%, 15, 21, 4, 291.75
1429744436, 0, 76, 97, 66, 11, 0.40%, 15, 21, 4, 293.35
1429744446, 0, 76, 97, 66, 11, 0.40%, 15, 22, 4, 290.92
1429744462, 0, 76, 98, 67, 11, 0.40%, 15, 22, 4, 289.99
1429744487, 0, 77, 98, 66, 10, 0.40%, 15, 22, 4, 288.16
1429744492, 0, 77, 98, 66, 10, 0.40%, 15, 23, 4, 286.05
1429744518, 0, 77, 99, 67, 10, 0.40%, 15, 23, 4, 300.34
1429744523, 0, 77, 100, 68, 10, 0.40%, 15, 23, 4, 298.94
1429744543, 0, 77, 101, 69, 10, 0.40%, 15, 23, 4, 285.95
1429744548, 0, 77, 102, 70, 10, 0.40%, 15, 23, 4, 286.95
1429744721, 0, 77, 103, 71, 10, 0.40%, 15, 23, 4, 297.94
1429744894, 0, 77, 104, 72, 10, 0.40%, 15, 23, 4, 298.78
1429745055, 0, 78, 104, 71, 9, 0.40%, 15, 23, 4, 297.08
1429745066, 0, 78, 104, 71, 9, 0.40%, 15, 24, 4, 287.77
1429745092, 0, 78, 105, 72, 9, 0.40%, 15, 24, 4, 294.77
1429745097, 0, 78, 106, 73, 9, 0.40%, 15, 24, 4, 296.07
1429745122, 0, 78, 107, 74, 9, 0.40%, 15, 24, 4, 277.72
1429745224, 0, 79, 107, 73, 8, 0.40%, 15, 24, 4, 293.49
1429745240, 0, 79, 107, 73, 8, 0.40%, 15, 25, 4, 290.07
1429745260, 0, 79, 108, 74, 8, 0.40%, 15, 25, 4, 291.11
1429745296, 0, 86, 108, 73, 7, 0.40%, 15, 25, 4, 405.31
1429745311, 0, 86, 108, 73, 7, 0.40%, 15, 26, 4, 395.50
1429745316, 0, 86, 108, 73, 7, 0.40%, 16, 26, 4, 339.86
1429745331, 0, 87, 108, 72, 6, 0.40%, 16, 26, 4, 290.54
1429745347, 0, 87, 108, 72, 6, 0.40%, 16, 27, 4, 275.91
1429745367, 0, 87, 109, 73, 6, 0.42%, 16, 27, 4, 280.93
1429745387, 0, 87, 111, 75, 6, 0.42%, 16, 27, 4, 286.55
1429745397, 0, 87, 112, 76, 6, 0.42%, 16, 27, 4, 291.37
1429745403, 0, 87, 113, 77, 6, 0.42%, 16, 27, 4, 291.62
1429745408, 0, 87, 114, 78, 6, 0.42%, 16, 27, 4, 289.92
1429745438, 0, 87, 115, 79, 6, 0.42%, 16, 27, 4, 287.93
1429745459, 0, 87, 116, 80, 6, 0.42%, 16, 27, 4, 277.23
1429745494, 0, 87, 117, 81, 6, 0.42%, 16, 27, 4, 271.00
1429745510, 0, 87, 119, 83, 6, 0.42%, 16, 27, 4, 275.63
1429745587, 0, 87, 120, 84, 6, 0.42%, 16, 27, 4, 276.89
1429745638, 0, 87, 121, 85, 6, 0.42%, 16, 27, 4, 290.60
1429745694, 0, 87, 122, 86, 6, 0.44%, 16, 27, 4, 280.95
1429745806, 0, 87, 123, 87, 6, 0.44%, 16, 27, 4, 286.12
1429745950, 0, 88, 123, 86, 8, 0.44%, 16, 28, 4, 290.32
1429745960, 0, 88, 123, 86, 8, 0.44%, 17, 28, 4, 288.38
1429745970, 0, 88, 124, 87, 8, 0.44%, 17, 28, 4, 295.90
1429746001, 0, 88, 125, 88, 8, 0.44%, 17, 28, 4, 298.44
1429746036, 0, 90, 125, 87, 7, 0.44%, 17, 28, 4, 292.57
1429746062, 0, 92, 125, 86, 6, 0.44%, 17, 28, 4, 281.77
1429746088, 0, 94, 125, 85, 5, 0.44%, 17, 28, 4, 287.53
1429746118, 0, 95, 125, 84, 4, 0.44%, 17, 28, 4, 288.24
1429746123, 0, 95, 125, 84, 4, 0.44%, 17, 29, 4, 285.90
1429746175, 0, 96, 125, 83, 3, 0.44%, 17, 29, 4, 287.53
1429746195, 0, 96, 125, 83, 3, 0.44%, 18, 29, 4, 285.75
1429746205, 0, 96, 126, 84, 3, 0.44%, 18, 29, 5, 291.01
1429746211, 0, 96, 127, 85, 3, 0.44%, 18, 29, 5, 295.46
1429746226, 0, 96, 128, 86, 3, 0.44%, 18, 29, 5, 296.68
1429746292, 0, 96, 130, 88, 3, 0.44%, 18, 29, 5, 294.70
1429746394, 0, 96, 130, 88, 3, 0.44%, 18, 30, 5, 296.32
1429746522, 0, 96, 131, 89, 3, 0.44%, 18, 30, 5, 284.11
1429746640, 0, 96, 131, 89, 3, 0.44%, 19, 30, 5, 284.71
1429746757, 0, 108, 133, 90, 2, 0.45%, 19, 30, 5, 270.68
1429746772, 0, 108, 133, 90, 2, 0.45%, 19, 31, 5, 273.58
1429746787, 0, 108, 133, 90, 2, 0.45%, 19, 32, 5, 276.02
1429746812, 0, 108, 135, 92, 2, 0.45%, 19, 32, 5, 285.59
1429746833, 0, 108, 137, 94, 2, 0.45%, 19, 32, 5, 288.85
1429746838, 0, 108, 138, 95, 2, 0.45%, 19, 32, 5, 289.04
1429746967, 0, 108, 139, 96, 2, 0.45%, 19, 32, 5, 279.48
1429747002, 0, 108, 139, 96, 2, 0.45%, 19, 33, 5, 286.79
1429747038, 0, 108, 140, 97, 2, 0.45%, 19, 33, 5, 286.50
1429747054, 0, 108, 140, 97, 2, 0.45%, 20, 33, 5, 281.33
1429747212, 0, 108, 141, 98, 2, 0.45%, 20, 33, 5, 281.85
1429747238, 0, 121, 141, 97, 4, 0.45%, 20, 33, 5, 281.29
1429747330, 0, 131, 141, 96, 3, 0.45%, 20, 33, 5, 279.12
1429747345, 0, 131, 141, 96, 3, 0.45%, 20, 34, 5, 272.23
1429747442, 0, 132, 141, 95, 2, 0.45%, 20, 34, 5, 277.79
1429747554, 0, 140, 143, 96, 1, 0.45%, 20, 35, 6, 264.18
1429747599, 0, 140, 144, 97, 1, 0.45%, 21, 35, 6, 274.40
1429747619, 0, 140, 145, 98, 1, 0.45%, 21, 35, 6, 278.37
1429747696, 0, 140, 146, 99, 1, 0.45%, 21, 35, 6, 284.56
1429747829, 0, 143, 146, 98, 1, 0.45%, 21, 35, 6, 279.70
1429747834, 0, 143, 146, 98, 1, 0.45%, 21, 36, 6, 272.18
1429747896, 0, 143, 147, 99, 1, 0.45%, 21, 36, 7, 273.07
1429747911, 0, 143, 148, 100, 1, 0.45%, 21, 36, 7, 285.72
1429747916, 0, 143, 149, 101, 1, 0.45%, 21, 36, 7, 282.49
1429747927, 0, 143, 150, 102, 1, 0.45%, 21, 36, 7, 278.65
1429747963, 0, 143, 150, 102, 1, 0.45%, 22, 36, 7, 287.60
1429748183, 0, 143, 151, 103, 1, 0.45%, 22, 36, 7, 281.55
1429748254, 0, 143, 152, 104, 1, 0.45%, 22, 36, 7, 282.54
1429748321, 0, 146, 152, 103, 0, 0.45%, 22, 36, 7, 280.86
1429748417, 0, 146, 153, 104, 0, 0.46%, 22, 36, 8, 286.40
1429748459, 0, 152, 153, 103, 1, 0.46%, 22, 36, 8, 288.23
1429748464, 0, 152, 153, 103, 1, 0.46%, 22, 37, 8, 289.04
1429748469, 0, 152, 153, 103, 1, 0.46%, 23, 37, 8, 287.10
1429748479, 0, 152, 154, 104, 1, 0.46%, 23, 37, 9, 288.60
1429748587, 0, 152, 155, 105, 1, 0.46%, 23, 37, 9, 295.09
1429748688, 0, 152, 156, 106, 1, 0.46%, 23, 37, 9, 298.17
1429748754, 0, 152, 157, 107, 1, 0.46%, 23, 37, 9, 298.54
1429748785, 0, 152, 158, 108, 1, 0.46%, 23, 37, 9, 291.40
1429748800, 0, 152, 159, 109, 1, 0.46%, 23, 37, 9, 289.74
1429749023, 0, 156, 159, 108, 1, 0.46%, 23, 37, 9, 284.97
1429749034, 0, 156, 159, 108, 1, 0.46%, 23, 38, 9, 286.75
1429749044, 0, 156, 159, 108, 1, 0.46%, 24, 38, 9, 289.18
1429749054, 0, 156, 160, 109, 1, 0.46%, 24, 38, 10, 288.78
1429749060, 0, 156, 161, 110, 1, 0.46%, 24, 38, 10, 293.05
1429749136, 0, 156, 162, 111, 1, 0.46%, 24, 38, 10, 290.47
1429749489, 0, 156, 163, 112, 1, 0.46%, 24, 38, 10, 292.91
1429749601, 1, 1, 163, 111, 0, 0.46%, 24, 38, 10, 277.87
1429749637, 1, 3, 163, 110, 0, 0.46%, 24, 38, 10, 291.38
1429749672, 1, 4, 163, 109, 0, 0.46%, 24, 38, 10, 297.18
1429749693, 1, 5, 163, 109, 0, 0.46%, 24, 38, 10, 299.08
1429749708, 1, 6, 163, 109, 0, 0.46%, 24, 38, 10, 295.96
1429749723, 1, 7, 163, 109, 0, 0.46%, 24, 38, 10, 292.59
1429749759, 1, 9, 163, 108, 0, 0.46%, 24, 38, 10, 297.72
1429749774, 1, 13, 163, 108, 0, 0.46%, 24, 38, 10, 278.24
1429749815, 1, 14, 163, 107, 0, 0.46%, 24, 38, 10, 297.96
1429749830, 1, 15, 163, 107, 0, 0.46%, 24, 38, 10, 322.98
1429749845, 1, 16, 163, 107, 0, 0.46%, 24, 38, 10, 311.24
1429749861, 1, 17, 163, 107, 0, 0.46%, 24, 38, 10, 300.60
1429749866, 1, 17, 164, 108, 0, 0.46%, 24, 38, 10, 300.41
1429749886, 1, 22, 164, 108, 0, 0.46%, 24, 38, 10, 295.08
1429749916, 1, 27, 164, 107, 0, 0.46%, 24, 38, 10, 296.48
1429749957, 1, 28, 164, 106, 0, 0.46%, 24, 38, 10, 287.40
1429750008, 1, 30, 164, 105, 0, 0.46%, 24, 38, 10, 279.88
1429750044, 1, 30, 165, 106, 0, 0.46%, 24, 38, 10, 287.14
1429750075, 1, 30, 166, 107, 0, 0.46%, 24, 38, 10, 293.33
1429750111, 1, 32, 166, 106, 0, 0.46%, 24, 38, 10, 288.07
1429750137, 1, 32, 167, 107, 0, 0.47%, 24, 38, 10, 283.29
1429750167, 1, 32, 168, 108, 0, 0.47%, 24, 38, 10, 290.68
1429750177, 1, 32, 169, 109, 0, 0.47%, 24, 38, 10, 291.45
1429750223, 1, 166, 169, 108, 1, 0.47%, 24, 38, 10, 286.28
1429750228, 1, 166, 169, 108, 1, 0.47%, 24, 39, 10, 281.18
1429750305, 1, 166, 170, 109, 1, 0.47%, 24, 39, 10, 289.07
1429750310, 1, 166, 171, 110, 1, 0.47%, 24, 39, 10, 284.50
1429750407, 1, 170, 172, 110, 1, 0.47%, 24, 39, 10, 277.56
1429750422, 1, 170, 172, 110, 1, 0.47%, 24, 40, 10, 274.17
1429750478, 1, 170, 174, 112, 1, 0.47%, 24, 40, 10, 285.63
1429750483, 1, 170, 176, 114, 1, 0.47%, 24, 40, 10, 287.30
1429750514, 1, 170, 177, 115, 1, 0.47%, 24, 40, 10, 281.13
1429750555, 1, 170, 178, 116, 1, 0.47%, 24, 40, 10, 274.38
1429750560, 1, 170, 179, 117, 1, 0.47%, 24, 40, 10, 278.32
1429750576, 1, 170, 180, 118, 1, 0.47%, 24, 40, 10, 287.47
1429750617, 1, 170, 181, 119, 1, 0.48%, 24, 40, 10, 283.93
1429750627, 1, 170, 182, 120, 1, 0.48%, 24, 40, 10, 280.09
1429750698, 1, 170, 183, 121, 1, 0.48%, 24, 40, 10, 276.98
1429750852, 1, 170, 184, 122, 1, 0.48%, 24, 40, 10, 286.74
1429751041, 1, 180, 184, 121, 1, 0.48%, 24, 40, 10, 279.12
1429751046, 1, 180, 184, 121, 1, 0.48%, 24, 41, 10, 276.60
1429751092, 1, 180, 186, 123, 1, 0.48%, 24, 41, 10, 285.76
1429751097, 1, 180, 188, 125, 1, 0.48%, 24, 41, 10, 292.37
1429751426, 1, 180, 189, 126, 1, 0.48%, 24, 41, 10, 288.97
1429751467, 1, 180, 190, 127, 1, 0.48%, 24, 41, 10, 285.32
1429751509, 1, 182, 192, 128, 0, 0.48%, 24, 41, 10, 269.56
1429751585, 1, 182, 194, 130, 0, 0.48%, 24, 41, 10, 278.91
1429751596, 1, 182, 195, 131, 0, 0.48%, 24, 41, 10, 281.77
1429751601, 1, 182, 197, 133, 0, 0.48%, 24, 41, 10, 282.99
1429751616, 1, 182, 198, 134, 0, 0.48%, 24, 41, 10, 284.52
1429751750, 1, 182, 198, 134, 0, 0.48%, 24, 42, 10, 272.37
1429751760, 1, 182, 199, 135, 0, 0.48%, 24, 42, 10, 272.64
1429752041, 1, 182, 200, 136, 0, 0.48%, 24, 42, 10, 276.20
1429752046, 1, 182, 201, 137, 0, 0.48%, 24, 42, 10, 279.52
1429752153, 1, 183, 202, 137, 0, 0.48%, 24, 42, 10, 272.75
1429752159, 1, 183, 202, 137, 0, 0.48%, 26, 42, 10, 256.73
1429752261, 1, 183, 202, 137, 0, 0.48%, 27, 42, 10, 249.11
1429752312, 1, 183, 206, 141, 0, 0.48%, 27, 42, 10, 258.40
1429752327, 1, 183, 207, 142, 0, 0.48%, 27, 42, 10, 267.65
1429752383, 1, 183, 208, 143, 0, 0.48%, 27, 42, 10, 272.90
1429752505, 1, 183, 209, 144, 0, 0.48%, 27, 42, 10, 271.46
1429752587, 1, 183, 210, 145, 0, 0.48%, 27, 42, 10, 269.95
1429752592, 1, 183, 210, 145, 0, 0.48%, 27, 43, 10, 268.27
1429752627, 1, 183, 211, 146, 0, 0.48%, 27, 43, 10, 269.83
1429752693, 1, 183, 212, 147, 0, 0.48%, 27, 43, 10, 267.20
1429752754, 1, 185, 212, 146, 0, 0.48%, 27, 43, 10, 254.12
1429752939, 1, 185, 212, 146, 0, 0.48%, 28, 43, 10, 234.81
1429753082, 1, 185, 213, 147, 0, 0.48%, 28, 43, 10, 249.74
1429753220, 1, 186, 213, 146, 0, 0.48%, 28, 43, 10, 241.00
1429753302, 1, 186, 213, 146, 0, 0.48%, 29, 43, 10, 250.57
1429753343, 1, 186, 214, 147, 0, 0.48%, 29, 43, 10, 253.22
1429753414, 1, 186, 215, 148, 0, 0.48%, 29, 43, 10, 274.91
1429753449, 1, 186, 216, 149, 0, 0.48%, 29, 43, 10, 269.85
1429753667, 1, 186, 217, 150, 0, 0.48%, 29, 43, 10, 278.56
1429753783, 1, 189, 217, 149, 0, 0.48%, 29, 43, 10, 268.47
1429753789, 1, 189, 217, 149, 0, 0.48%, 29, 44, 10, 271.97
1429753834, 1, 189, 217, 149, 0, 0.48%, 30, 44, 10, 276.25
1429753865, 1, 189, 219, 151, 0, 0.48%, 30, 44, 10, 283.36
1429754146, 1, 196, 220, 151, 0, 0.49%, 30, 44, 10, 247.28
1429754395, 1, 219, 220, 150, 1, 0.49%, 30, 44, 10, 248.77
1429754400, 1, 219, 221, 151, 1, 0.49%, 30, 45, 10, 234.28
1429754405, 1, 219, 222, 152, 1, 0.50%, 30, 45, 10, 224.34
1429754547, 1, 219, 222, 152, 1, 0.50%, 31, 45, 10, 238.25
1429754597, 1, 219, 223, 153, 1, 0.50%, 31, 45, 10, 259.51
1429754618, 1, 219, 224, 154, 1, 0.50%, 31, 45, 10, 262.85
1429754664, 1, 219, 225, 155, 1, 0.50%, 31, 45, 10, 261.91
1429754669, 1, 219, 226, 156, 1, 0.50%, 31, 45, 10, 262.99
1429754700, 1, 219, 226, 156, 1, 0.50%, 31, 46, 10, 261.43
1429754737, 1, 219, 227, 157, 1, 0.50%, 31, 46, 10, 264.32
1429755084, 1, 219, 228, 158, 1, 0.50%, 31, 46, 10, 253.63
1429755171, 1, 219, 229, 159, 1, 0.50%, 31, 46, 10, 256.00
1429755217, 1, 221, 229, 158, 3, 0.50%, 31, 47, 10, 244.14
1429755366, 1, 221, 229, 158, 3, 0.50%, 32, 47, 10, 225.50
1429755417, 1, 221, 230, 159, 3, 0.50%, 32, 47, 10, 252.54
1429755508, 1, 221, 231, 160, 3, 0.50%, 32, 47, 10, 250.06
1429755574, 1, 221, 231, 160, 3, 0.50%, 32, 48, 10, 259.86
1429755594, 1, 221, 232, 161, 3, 0.50%, 32, 48, 10, 259.27
1429755625, 1, 221, 233, 162, 3, 0.50%, 32, 48, 10, 261.40
1429755702, 1, 221, 234, 163, 3, 0.50%, 32, 48, 10, 264.22
1429756024, 1, 221, 235, 164, 3, 0.50%, 32, 48, 10, 252.10
1429756034, 1, 224, 235, 163, 3, 0.50%, 32, 49, 10, 254.73
1429756060, 1, 224, 235, 163, 3, 0.50%, 33, 49, 10, 281.71
1429756070, 1, 224, 236, 164, 3, 0.50%, 33, 49, 10, 291.59
1429756157, 1, 224, 237, 165, 3, 0.50%, 33, 49, 10, 293.25
1429756619, 1, 225, 237, 164, 2, 0.50%, 33, 49, 10, 279.79
1429756654, 1, 225, 237, 164, 2, 0.50%, 34, 49, 10, 274.22
1429756670, 1, 225, 238, 165, 2, 0.50%, 34, 49, 10, 277.62
1429756675, 1, 225, 239, 166, 2, 0.50%, 34, 49, 10, 284.97
1429756804, 1, 225, 240, 167, 2, 0.50%, 34, 49, 10, 288.73
1429757233, 1, 233, 240, 166, 1, 0.50%, 34, 49, 10, 265.15
1429757238, 1, 233, 240, 166, 1, 0.50%, 34, 50, 10, 254.23
1429757319, 1, 233, 241, 167, 1, 0.50%, 35, 50, 10, 251.11
1429757380, 1, 233, 242, 168, 1, 0.50%, 35, 50, 10, 265.72
1429757603, 1, 233, 243, 169, 1, 0.50%, 35, 50, 10, 270.24
1429757623, 1, 233, 244, 170, 1, 0.50%, 35, 50, 10, 271.44
1429757968, 1, 240, 244, 169, 2, 0.50%, 35, 50, 10, 265.33
1429758109, 1, 240, 245, 170, 2, 0.50%, 35, 50, 11, 265.93
1429758404, 1, 243, 245, 169, 1, 0.50%, 35, 50, 11, 261.83
1429758409, 1, 243, 247, 171, 1, 0.51%, 35, 51, 11, 255.60
1429758505, 1, 243, 247, 171, 1, 0.51%, 36, 51, 11, 256.85
1429758536, 1, 243, 248, 172, 1, 0.52%, 37, 51, 11, 257.52
1429758541, 1, 243, 249, 173, 1, 0.52%, 37, 51, 11, 269.20
1429758546, 1, 243, 250, 174, 1, 0.52%, 37, 51, 11, 274.96
1429758581, 1, 243, 251, 175, 1, 0.52%, 37, 51, 11, 272.03
1429758627, 1, 243, 252, 176, 1, 0.52%, 37, 51, 11, 272.48
1429758749, 1, 243, 253, 177, 1, 0.52%, 37, 51, 11, 274.71
1429758754, 1, 243, 254, 178, 1, 0.52%, 37, 51, 11, 272.78
1429758952, 1, 243, 255, 179, 1, 0.52%, 37, 51, 11, 264.01
1429759105, 1, 243, 256, 180, 1, 0.52%, 37, 51, 11, 274.36
1429759130, 1, 245, 256, 179, 3, 0.52%, 37, 52, 11, 261.51
1429759262, 1, 245, 256, 179, 3, 0.52%, 38, 52, 11, 257.51
1429759307, 1, 245, 257, 180, 3, 0.52%, 38, 52, 12, 273.72
1429759434, 1, 245, 258, 181, 3, 0.52%, 38, 52, 12, 260.85
1429759454, 1, 245, 259, 182, 3, 0.52%, 38, 52, 12, 260.29
1429759535, 1, 245, 260, 183, 3, 0.52%, 38, 52, 12, 273.99
1429759861, 1, 246, 260, 182, 2, 0.52%, 38, 53, 12, 254.71
1429759963, 1, 246, 260, 182, 2, 0.52%, 39, 53, 12, 253.48
1429760064, 1, 246, 261, 183, 2, 0.52%, 39, 53, 12, 276.78
1429760292, 1, 247, 261, 182, 1, 0.52%, 39, 54, 12, 259.35
1429760439, 1, 247, 262, 183, 1, 0.52%, 39, 54, 12, 260.08
1429760470, 1, 247, 263, 184, 1, 0.52%, 39, 54, 12, 276.99
1429760576, 1, 247, 264, 185, 1, 0.52%, 39, 54, 12, 273.21
1429760880, 1, 263, 267, 187, 1, 0.52%, 39, 54, 13, 251.68
1429760886, 1, 263, 268, 188, 1, 0.52%, 39, 55, 13, 238.77
1429761039, 1, 263, 268, 188, 1, 0.52%, 40, 55, 13, 225.69
1429761130, 1, 263, 272, 192, 1, 0.52%, 40, 55, 13, 253.70
1429761243, 1, 263, 273, 193, 1, 0.52%, 40, 55, 13, 258.58
1429761278, 1, 263, 274, 194, 1, 0.52%, 40, 55, 13, 260.57
1429761329, 1, 263, 275, 195, 1, 0.52%, 40, 55, 13, 256.21
1429761589, 1, 269, 275, 194, 1, 0.52%, 40, 55, 13, 253.26
1429761839, 1, 269, 276, 195, 1, 0.52%, 40, 55, 14, 262.04
1429761844, 1, 269, 277, 196, 1, 0.52%, 40, 55, 14, 257.60
1429761849, 1, 269, 278, 197, 1, 0.52%, 40, 55, 14, 260.37
1429762059, 1, 269, 279, 198, 1, 0.52%, 40, 55, 14, 262.53
1429762090, 1, 269, 280, 199, 1, 0.52%, 40, 55, 14, 261.17
1429762291, 1, 274, 280, 198, 0, 0.52%, 40, 55, 14, 229.75
1429762876, 1, 274, 281, 199, 0, 0.52%, 40, 55, 14, 240.88
1429762948, 1, 274, 282, 200, 0, 0.52%, 40, 55, 14, 242.27
1429763172, 1, 281, 282, 199, 0, 0.52%, 40, 55, 14, 198.26
1429763761, 1, 281, 282, 199, 0, 0.52%, 40, 56, 14, 178.76
1429763791, 1, 281, 282, 199, 0, 0.52%, 40, 57, 14, 178.30
1429763933, 1, 281, 282, 199, 0, 0.52%, 40, 58, 14, 177.91
1429764156, 1, 281, 283, 200, 0, 0.52%, 40, 58, 15, 199.89
1429764181, 1, 281, 284, 201, 0, 0.52%, 40, 58, 15, 199.88
1429764520, 2, 4, 284, 200, 0, 0.52%, 40, 58, 15, 254.43
1429764535, 2, 5, 284, 200, 0, 0.52%, 40, 58, 15, 296.44
1429764555, 2, 14, 284, 200, 0, 0.52%, 40, 58, 15, 295.14
1429764571, 2, 15, 284, 200, 0, 0.52%, 40, 59, 15, 320.54
1429764586, 2, 16, 284, 200, 0, 0.52%, 40, 59, 15, 304.29
1429764601, 2, 17, 284, 200, 0, 0.52%, 40, 59, 15, 290.76
1429764617, 2, 23, 284, 200, 0, 0.52%, 40, 59, 15, 283.82
1429764662, 2, 29, 284, 199, 0, 0.52%, 40, 59, 15, 283.25
1429764688, 2, 33, 284, 198, 0, 0.52%, 40, 59, 15, 290.89
1429764698, 2, 34, 284, 198, 0, 0.52%, 40, 59, 15, 284.29
1429764744, 2, 37, 284, 197, 0, 0.52%, 40, 59, 15, 287.03
1429764800, 2, 41, 284, 196, 0, 0.52%, 40, 59, 15, 290.59
1429764836, 2, 45, 284, 195, 0, 0.52%, 40, 59, 15, 295.70
1429764852, 2, 45, 285, 196, 0, 0.52%, 40, 59, 15, 298.02
1429764872, 2, 46, 285, 196, 0, 0.52%, 40, 59, 15, 296.60
1429764882, 2, 48, 285, 196, 0, 0.52%, 40, 59, 15, 288.60
1429764898, 2, 50, 285, 196, 0, 0.52%, 40, 59, 15, 300.07
1429764908, 2, 51, 285, 196, 0, 0.52%, 40, 59, 15, 297.92
1429764923, 2, 52, 285, 196, 0, 0.52%, 40, 59, 15, 296.75
1429764933, 2, 54, 285, 196, 0, 0.52%, 40, 59, 15, 298.94
1429764948, 2, 55, 285, 196, 0, 0.52%, 40, 59, 15, 293.34
1429764959, 2, 56, 285, 196, 0, 0.52%, 40, 59, 15, 297.26
1429764974, 2, 58, 285, 196, 0, 0.52%, 40, 59, 15, 295.60
1429765055, 2, 59, 285, 195, 0, 0.52%, 40, 59, 15, 293.92
1429765066, 2, 60, 285, 195, 0, 0.52%, 40, 59, 15, 299.93
1429765081, 2, 61, 285, 195, 0, 0.52%, 40, 59, 15, 301.18
1429765091, 2, 65, 285, 195, 0, 0.52%, 40, 59, 15, 303.14
1429765106, 2, 69, 285, 195, 0, 0.52%, 40, 59, 15, 304.13
1429765117, 2, 76, 285, 195, 0, 0.52%, 40, 59, 15, 302.11
1429765132, 2, 77, 285, 195, 0, 0.52%, 40, 59, 15, 297.34
1429765152, 2, 78, 285, 195, 0, 0.52%, 40, 59, 15, 296.11
1429765162, 2, 78, 286, 196, 0, 0.52%, 40, 59, 15, 296.88
1429765178, 2, 78, 287, 197, 0, 0.52%, 40, 59, 15, 295.34
1429765218, 2, 79, 287, 197, 0, 0.52%, 40, 59, 15, 281.34
1429765238, 2, 81, 287, 197, 0, 0.52%, 40, 59, 15, 278.70
1429765259, 2, 81, 287, 197, 0, 0.52%, 41, 59, 15, 275.66
1429765285, 2, 84, 287, 196, 0, 0.52%, 41, 59, 15, 287.07
1429765336, 2, 86, 287, 195, 0, 0.52%, 41, 59, 15, 304.65
1429765351, 2, 88, 287, 195, 0, 0.52%, 41, 59, 15, 292.96
1429765361, 2, 88, 288, 196, 0, 0.52%, 41, 59, 15, 290.18
1429765387, 2, 90, 288, 196, 0, 0.52%, 41, 59, 15, 299.25
1429765397, 2, 91, 288, 196, 0, 0.52%, 41, 59, 15, 284.36
1429765402, 2, 91, 288, 196, 0, 0.52%, 41, 60, 15, 282.88
1429765422, 2, 94, 288, 195, 0, 0.52%, 41, 60, 15, 291.81
1429765437, 2, 95, 288, 195, 0, 0.52%, 41, 60, 15, 296.24
1429765473, 2, 96, 288, 195, 0, 0.52%, 41, 60, 15, 283.81
1429765509, 2, 98, 288, 195, 0, 0.52%, 41, 60, 15, 289.58
1429765550, 2, 98, 289, 196, 0, 0.52%, 41, 60, 15, 294.62
1429765560, 2, 98, 290, 197, 0, 0.52%, 41, 60, 15, 296.02
1429765677, 2, 100, 290, 196, 0, 0.52%, 41, 60, 15, 280.67
1429765713, 2, 100, 290, 196, 0, 0.52%, 42, 60, 15, 276.14
1429765733, 2, 100, 291, 197, 0, 0.52%, 42, 60, 15, 276.56
1429765799, 2, 102, 291, 196, 0, 0.52%, 42, 60, 15, 282.26
1429765886, 2, 103, 291, 195, 0, 0.52%, 42, 60, 15, 280.68
1429765973, 2, 103, 292, 196, 0, 0.52%, 42, 60, 15, 290.46
1429766009, 2, 104, 292, 195, 0, 0.52%, 42, 60, 15, 285.91
1429766101, 2, 104, 293, 196, 0, 0.52%, 42, 60, 15, 288.69
1429766137, 2, 106, 293, 195, 0, 0.52%, 42, 60, 15, 285.38
1429766183, 2, 106, 293, 195, 0, 0.52%, 43, 60, 15, 281.28
1429766198, 2, 106, 294, 196, 0, 0.52%, 43, 60, 15, 287.08
1429766265, 2, 108, 295, 196, 0, 0.52%, 43, 60, 15, 288.18
1429766337, 2, 112, 295, 196, 0, 0.52%, 43, 60, 15, 267.48
1429766408, 2, 112, 295, 196, 0, 0.52%, 44, 60, 15, 265.06
1429766454, 2, 112, 296, 197, 0, 0.52%, 44, 60, 15, 279.99
1429766464, 2, 112, 297, 198, 0, 0.52%, 44, 60, 15, 268.08
1429766592, 2, 115, 297, 197, 0, 0.52%, 44, 60, 15, 261.65
1429766760, 2, 115, 298, 198, 0, 0.52%, 44, 60, 15, 270.33
1429766825, 2, 117, 298, 197, 0, 0.52%, 44, 60, 15, 270.04
1429766830, 2, 117, 298, 197, 0, 0.52%, 44, 61, 15, 277.66
1429766876, 2, 117, 299, 198, 0, 0.52%, 44, 61, 15, 278.21
1429766891, 2, 117, 300, 199, 0, 0.52%, 44, 61, 15, 278.06
1429767014, 2, 118, 300, 198, 0, 0.52%, 44, 61, 15, 273.09
1429767102, 2, 118, 301, 199, 0, 0.52%, 44, 61, 15, 278.18
1429767112, 2, 118, 302, 200, 0, 0.52%, 44, 61, 15, 268.02
1429767245, 2, 121, 302, 199, 0, 0.52%, 44, 61, 15, 291.18
1429767256, 2, 121, 303, 200, 0, 0.52%, 44, 61, 15, 294.51
1429767312, 2, 125, 303, 200, 0, 0.52%, 44, 61, 15, 287.14
1429767383, 2, 125, 304, 201, 0, 0.52%, 44, 61, 15, 287.56
1429767393, 2, 125, 305, 202, 0, 0.52%, 44, 61, 15, 290.07
1429767511, 2, 130, 305, 201, 0, 0.52%, 44, 61, 15, 282.22
1429767541, 2, 130, 306, 202, 0, 0.52%, 44, 61, 15, 283.00
1429767547, 2, 130, 306, 202, 0, 0.52%, 45, 61, 15, 287.29
1429767567, 2, 130, 307, 203, 0, 0.52%, 45, 61, 15, 293.47
1429767577, 2, 130, 308, 204, 0, 0.52%, 45, 61, 15, 292.88
1429767598, 2, 130, 309, 205, 0, 0.52%, 45, 61, 15, 289.52
1429767771, 2, 131, 309, 204, 0, 0.52%, 45, 61, 15, 293.59
1429767807, 2, 132, 309, 204, 0, 0.52%, 45, 61, 15, 280.61
1429767843, 2, 135, 309, 204, 0, 0.52%, 45, 61, 15, 268.50
1429767930, 2, 135, 310, 205, 0, 0.52%, 45, 61, 15, 276.46
1429767950, 2, 135, 311, 206, 0, 0.52%, 45, 61, 15, 285.70
1429767966, 2, 135, 312, 207, 0, 0.52%, 46, 61, 15, 284.16
1429767986, 2, 135, 313, 208, 0, 0.52%, 46, 61, 15, 277.59
1429768057, 2, 135, 314, 209, 0, 0.52%, 46, 61, 15, 281.67
1429768359, 2, 138, 314, 208, 0, 0.52%, 46, 61, 15, 266.27
1429768395, 2, 138, 314, 208, 0, 0.52%, 47, 61, 15, 277.58
1429768456, 2, 140, 314, 207, 0, 0.52%, 47, 61, 15, 277.95
1429768466, 2, 140, 315, 208, 0, 0.52%, 47, 61, 15, 273.31
1429768527, 2, 142, 315, 208, 0, 0.52%, 47, 61, 15, 271.69
1429768614, 2, 142, 316, 209, 0, 0.52%, 47, 61, 15, 285.97
1429768665, 2, 146, 316, 208, 0, 0.52%, 47, 61, 15, 287.87
1429768670, 2, 146, 317, 209, 0, 0.52%, 47, 61, 15, 286.96
1429768736, 2, 147, 317, 209, 0, 0.52%, 47, 61, 15, 276.58
1429768772, 2, 147, 318, 210, 0, 0.52%, 47, 61, 15, 273.82
1429768782, 2, 147, 318, 210, 0, 0.52%, 48, 61, 15, 275.54
1429768797, 2, 147, 319, 211, 0, 0.52%, 48, 61, 15, 278.15
1429768818, 2, 147, 320, 212, 0, 0.52%, 48, 61, 15, 283.56
1429768936, 2, 149, 320, 211, 0, 0.52%, 48, 61, 15, 282.69
1429769013, 2, 149, 321, 212, 0, 0.52%, 48, 61, 15, 289.46
1429769053, 2, 149, 322, 213, 0, 0.52%, 48, 61, 15, 275.90
1429769154, 2, 150, 322, 212, 0, 0.52%, 48, 61, 15, 248.22
1429769344, 2, 151, 322, 211, 0, 0.52%, 48, 61, 15, 256.76
1429769567, 2, 152, 322, 210, 0, 0.52%, 48, 61, 15, 289.95
1429769633, 2, 156, 322, 210, 0, 0.52%, 48, 61, 15, 295.73
1429769704, 2, 159, 322, 210, 0, 0.52%, 48, 61, 15, 280.30
1429769770, 2, 159, 323, 211, 0, 0.52%, 48, 61, 15, 290.15
1429769898, 2, 170, 323, 210, 0, 0.52%, 48, 61, 15, 288.02
1429769934, 2, 177, 323, 210, 0, 0.52%, 48, 61, 15, 284.01
1429770015, 2, 177, 324, 211, 0, 0.52%, 48, 61, 15, 284.33
1429770155, 2, 178, 324, 210, 0, 0.52%, 48, 61, 15, 243.96
1429770612, 2, 178, 325, 211, 0, 0.52%, 48, 61, 15, 238.09
1429770668, 2, 178, 326, 212, 0, 0.52%, 48, 61, 15, 233.31
1429770935, 2, 180, 326, 211, 0, 0.52%, 48, 61, 15, 263.81
1429770971, 2, 181, 326, 211, 0, 0.52%, 48, 61, 15, 271.40
1429771176, 2, 197, 326, 210, 0, 0.52%, 48, 61, 15, 241.74
1429771551, 2, 197, 327, 211, 0, 0.52%, 48, 61, 15, 233.82
1429771556, 2, 197, 328, 212, 0, 0.52%, 48, 61, 15, 237.98
1429771561, 2, 197, 329, 213, 0, 0.52%, 48, 61, 15, 236.22
1429771756, 2, 197, 330, 214, 0, 0.52%, 48, 61, 15, 234.89
1429771792, 2, 197, 331, 215, 0, 0.52%, 48, 61, 15, 227.92
1429771843, 2, 197, 332, 216, 0, 0.52%, 48, 61, 15, 230.34
1429771931, 2, 197, 333, 217, 0, 0.52%, 48, 61, 15, 211.37
1429772084, 2, 197, 334, 218, 0, 0.52%, 48, 61, 15, 237.45
1429772223, 2, 206, 334, 217, 0, 0.52%, 48, 61, 15, 225.62
1429772635, 2, 206, 335, 218, 0, 0.52%, 48, 61, 15, 226.77
1429772651, 2, 206, 336, 219, 0, 0.52%, 48, 61, 15, 238.33
1429772671, 2, 206, 337, 220, 0, 0.52%, 48, 61, 15, 241.50
1429772722, 2, 206, 337, 220, 0, 0.52%, 49, 61, 15, 246.15
1429772984, 2, 206, 337, 220, 0, 0.52%, 50, 61, 15, 232.89
1429773035, 2, 206, 338, 221, 0, 0.52%, 50, 61, 15, 235.69
1429773133, 2, 213, 338, 220, 0, 0.52%, 50, 61, 15, 232.93
1429773338, 2, 213, 340, 222, 0, 0.52%, 50, 61, 15, 249.88
1429773343, 2, 213, 341, 223, 0, 0.52%, 50, 61, 15, 257.01
1429773358, 2, 213, 342, 224, 0, 0.52%, 50, 61, 15, 259.48
1429773420, 2, 213, 343, 225, 0, 0.52%, 50, 61, 15, 263.20
1429773628, 2, 213, 344, 226, 0, 0.52%, 50, 61, 15, 263.51
1429773705, 2, 213, 345, 227, 0, 0.52%, 50, 61, 15, 262.20
1429773797, 2, 219, 345, 226, 0, 0.52%, 50, 61, 15, 253.97
1429773833, 2, 220, 345, 226, 0, 0.52%, 50, 61, 15, 249.40
1429774183, 2, 221, 345, 225, 0, 0.52%, 50, 61, 15, 266.17
1429774259, 2, 224, 345, 225, 0, 0.52%, 50, 61, 15, 275.30
1429774331, 2, 225, 345, 225, 0, 0.52%, 50, 61, 15, 283.06
1429774372, 2, 225, 346, 226, 0, 0.52%, 50, 61, 15, 277.18
1429774469, 2, 231, 346, 226, 0, 0.52%, 50, 61, 15, 280.15
1429774663, 2, 231, 347, 227, 0, 0.52%, 50, 61, 15, 258.01
1429774688, 2, 231, 348, 228, 0, 0.52%, 50, 61, 15, 251.27
1429774714, 2, 231, 349, 229, 0, 0.52%, 50, 61, 15, 262.95
